0, 60
1, 69
2, 78
3, 7
4, 46
5, 87
6, 33
7, 25
8, 85
9, 74
10, 79
11, 27
12, 68
13, 64
14, 98
15, 32
16, 28
17, 80
18, 7
19, 0
20, 41
21, 12
22, 97
23, 87
24, 50
25, 4
26, 94
27, 4
28, 36
29, 75
30, 64
31, 57
32, 43
33, 61
34, 21
35, 69
36, 99
37, 79
38, 35
39, 29
40, 7
41, 93
42, 47
43, 89
44, 82
45, 33
46, 39
47, 92
48, 38
49, 33
50, 61
51, 7
52, 11
53, 58
54, 18
55, 46
56, 69
57, 28
58, 1
59, 25
60, 30
61, 50
62, 22
63, 11
64, 72
65, 45
66, 90
67, 0
68, 69
69, 22
70, 80
71, 37
72, 33
73, 42
74, 17
75, 79
76, 54
77, 68
78, 96
79, 71
80, 92
81, 50
82, 81
83, 66
84, 15
85, 48
86, 54
87, 90
88, 68
89, 28
90, 90
91, 64
92, 13
93, 98
94, 1
95, 28
96, 5
97, 95
98, 77
99, 62
100, 10
101, 50
102, 64
103, 2
104, 32
105, 0
106, 93
107, 96
108, 80
109, 68
110, 2
111, 97
112, 57
113, 77
114, 68
115, 89
116, 13
117, 71
118, 7
119, 42
120, 72
121, 10
122, 88
123, 96
124, 69
125, 80
126, 14
127, 28
128, 66
129, 95
130, 0
131, 60
132, 5
133, 76
134, 69
135, 23
136, 46
137, 57
138, 25
139, 26
140, 63
141, 17
142, 70
143, 50
144, 41
145, 36
146, 78
147, 58
148, 99
149, 25
150, 24
151, 80
152, 77
153, 15
154, 18
155, 60
156, 27
157, 0
158, 12
159, 59
160, 30
161, 73
162, 50
163, 13
164, 7
165, 43
166, 48
167, 92
168, 47
169, 80
170, 2
171, 90
172, 83
173, 82
174, 14
175, 45
176, 67
177, 98
178, 28
179, 17
180, 40
181, 16
182, 60
183, 71
184, 41
185, 2
186, 94
187, 96
188, 99
189, 88
190, 87
191, 2
192, 25
193, 80
194, 83
195, 0
196, 51
197, 90
198, 23
199, 77
200, 28
201, 43
202, 64
203, 26
204, 27
205, 46
206, 7
207, 35
208, 44
209, 75
210, 94
211, 73
212, 35
213, 80
214, 98
215, 95
216, 34
217, 51
218, 39
219, 42
220, 87
221, 36
222, 59
223, 70
224, 96
225, 67
226, 13
227, 43
228, 52
229, 14
230, 35
231, 48
232, 6
233, 56
234, 1
235, 46
236, 71
237, 36
238, 9
239, 68
240, 74
241, 14
242, 86
243, 63
244, 23
245, 79
246, 83
247, 98
248, 8
249, 73
250, 43
251, 62
252, 10
253, 44
254, 6
255, 56
256, 5
257, 49
258, 65
259, 28
260, 88
261, 91
262, 83
263, 35
264, 77
265, 12
266, 65
267, 71
268, 97
269, 76
270, 23
271, 44
272, 26
273, 19
274, 30
275, 57
276, 89
277, 50
278, 84
279, 4
280, 55
281, 7
282, 6
283, 34
284, 76
285, 65
286, 99
287, 29
288, 3
289, 18
290, 78
291, 28
292, 71
293, 84
294, 40
295, 72
296, 70
297, 33
298, 57
299, 31
300, 72
301, 49
302, 63
303, 64
304, 4
305, 66
306, 93
307, 53
308, 8
309, 93
310, 44
311, 68
312, 86
313, 23
314, 88
315, 23
316, 83
317, 47
318, 15
319, 2
320, 72
321, 25
322, 75
323, 13
324, 65
325, 13
326, 32
327, 87
328, 1
329, 7
330, 83
331, 41
332, 87
333, 37
334, 80
335, 13
336, 50
337, 47
338, 11
339, 99
340, 49
341, 73
342, 82
343, 52
344, 42
345, 13
346, 76
347, 66
348, 4
349, 76
350, 43
351, 8
352, 4
353, 6
354, 11
355, 25
356, 94
357, 21
358, 71
359, 57
360, 4
361, 30
362, 43
363, 82
364, 86
365, 18
366, 0
367, 37
368, 63
369, 1
370, 23
371, 44
372, 35
373, 62
374, 76
375, 42
376, 77
377, 70
378, 65
379, 18
380, 77
381, 98
382, 81
383, 77
384, 21
385, 53
386, 26
387, 64
388, 43
389, 50
390, 73
391, 37
392, 45
393, 47
394, 42
395, 58
396, 36
397, 93
398, 10
399, 78
400, 76
401, 96
402, 8
403, 52
404, 30
405, 3
406, 4
407, 64
408, 10
409, 99
410, 11
411, 9
412, 61
413, 15
414, 68
415, 52
416, 58
417, 58
418, 39
419, 24
420, 93
421, 28
422, 79
423, 62
424, 22
425, 69
426, 13
427, 31
428, 44
429, 76
430, 2
431, 74
432, 7
433, 76
434, 73
435, 55
436, 58
437, 5
438, 16
439, 40
440, 47
441, 66
442, 6
443, 39
444, 96
445, 64
446, 99
447, 49
448, 34
449, 68
450, 39
451, 27
452, 78
453, 89
454, 99
455, 36
456, 34
457, 60
458, 30
459, 16
460, 24
461, 46
462, 9
463, 93
464, 95
465, 67
466, 63
467, 27
468, 54
469, 96
470, 23
471, 55
472, 71
473, 20
474, 75
475, 80
476, 69
477, 33
478, 97
479, 97
480, 80
481, 43
482, 93
483, 6
484, 34
485, 29
486, 56
487, 29
488, 34
489, 6
490, 82
491, 37
492, 88
493, 37
494, 81
495, 12
496, 74
497, 13
498, 90
499, 50
500, 86
501, 22
502, 37
503, 38
504, 90
505, 95
506, 71
507, 80
508, 86
509, 96
510, 38
511, 19
512, 26
513, 24
514, 69
515, 58
516, 10
517, 39
518, 38
519, 88
520, 98
521, 89
522, 56
523, 54
524, 95
525, 27
526, 55
527, 62
528, 98
529, 51
530, 64
531, 55
532, 35
533, 10
534, 6
535, 44
536, 97
537, 86
538, 56
539, 37
540, 72
541, 36
542, 56
543, 55
544, 97
545, 62
546, 99
547, 7
548, 8
549, 50
550, 87
551, 28
552, 47
553, 81
554, 58
555, 39
556, 67
557, 3
558, 74
559, 49
560, 86
561, 34
562, 14
563, 72
564, 74
565, 47
566, 69
567, 89
568, 48
569, 70
570, 76
571, 46
572, 33
573, 53
574, 11
575, 16
576, 6
577, 58
578, 32
579, 88
580, 99
581, 89
582, 46
583, 8
584, 58
585, 28
586, 38
587, 19
588, 86
589, 61
590, 55
591, 66
592, 50
593, 56
594, 40
595, 76
596, 34
597, 80
598, 1
599, 90
600, 82
601, 80
602, 28
603, 62
604, 37
605, 10
606, 89
607, 76
608, 69
609, 95
610, 64
611, 25
612, 28
613, 47
614, 16
615, 75
616, 96
617, 85
618, 26
619, 92
620, 74
621, 44
622, 4
623, 60
624, 99
625, 18
626, 87
627, 76
628, 47
629, 64
630, 30
631, 68
632, 52
633, 83
634, 70
635, 0
636, 20
637, 1
638, 20
639, 93
640, 89
641, 68
642, 89
643, 60
644, 41
645, 40
646, 57
647, 75
648, 21
649, 96
650, 73
651, 60
652, 1
653, 7
654, 48
655, 58
656, 92
657, 19
658, 52
659, 62
660, 44
661, 73
662, 58
663, 5
664, 37
665, 76
666, 65
667, 68
668, 36
669, 79
670, 42
671, 21
672, 50
673, 45
674, 88
675, 48
676, 96
677, 23
678, 73
679, 93
680, 9
681, 28
682, 69
683, 75
684, 74
685, 92
686, 79
687, 11
688, 17
689, 82
690, 68
691, 59
692, 89
693, 69
694, 41
695, 83
696, 74
697, 20
698, 9
699, 13
700, 29
701, 18
702, 16
703, 8
704, 83
705, 31
706, 81
707, 0
708, 93
709, 67
710, 15
711, 95
712, 67
713, 82
714, 27
715, 51
716, 84
717, 24
718, 63
719, 11
720, 40
721, 54
722, 23
723, 61
724, 11
725, 65
726, 9
727, 88
728, 77
729, 73
730, 16
731, 94
732, 9
733, 47
734, 17
735, 14
736, 19
737, 81
738, 81
739, 55
740, 34
741, 19
742, 58
743, 68
744, 43
745, 11
746, 59
747, 9
748, 45
749, 53
750, 34
751, 14
752, 78
753, 3
754, 1
755, 24
756, 12
757, 54
758, 60
759, 97
760, 8
761, 93
762, 42
763, 78
764, 73
765, 35
766, 8
767, 24
768, 73
769, 23
770, 72
771, 96
772, 82
773, 79
774, 30
775, 1
776, 34
777, 51
778, 13
779, 54
780, 81
781, 49
782, 26
783, 60
784, 28
785, 42
786, 69
787, 48
788, 3
789, 21
790, 32
791, 7
792, 49
793, 50
794, 33
795, 27
796, 87
797, 44
798, 16
799, 2
800, 68
801, 52
802, 37
803, 35
804, 62
805, 99
806, 55
807, 59
808, 70
809, 37
810, 85
811, 12
812, 80
813, 82
814, 94
815, 44
816, 98
817, 16
818, 53
819, 80
820, 94
821, 29
822, 89
823, 86
824, 57
825, 71
826, 15
827, 90
828, 45
829, 65
830, 19
831, 84
832, 89
833, 89
834, 83
835, 71
836, 86
837, 23
838, 84
839, 26
840, 80
841, 25
842, 53
843, 25
844, 85
845, 8
846, 50
847, 74
848, 8
849, 15
850, 17
851, 94
852, 22
853, 13
854, 45
855, 75
856, 70
857, 57
858, 48
859, 90
860, 51
861, 97
862, 52
863, 2
864, 65
865, 15
866, 60
867, 73
868, 92
869, 70
870, 99
871, 61
872, 37
873, 43
874, 87
875, 31
876, 13
877, 96
878, 39
879, 98
880, 66
881, 15
882, 43
883, 78
884, 77
885, 7
886, 34
887, 1
888, 51
889, 27
890, 79
891, 23
892, 95
893, 23
894, 38
895, 56
896, 73
897, 95
898, 41
899, 54
900, 28
901, 27
902, 27
903, 18
904, 12
905, 6
906, 84
907, 68
908, 25
909, 96
910, 22
911, 1
912, 83
913, 7
914, 10
915, 31
916, 68
917, 79
918, 13
919, 77
920, 14
921, 31
922, 99
923, 30
924, 30
925, 53
926, 56
927, 74
928, 65
929, 75
930, 35
931, 76
932, 31
933, 84
934, 36
935, 74
936, 61
937, 36
938, 7
939, 62
940, 21
941, 30
942, 57
943, 91
944, 50
945, 77
946, 30
947, 0
948, 55
949, 68
950, 64
951, 87
952, 78
953, 52
954, 40
955, 40
956, 10
957, 2
958, 31
959, 85
960, 99
961, 48
962, 35
963, 73
964, 52
965, 33
966, 44
967, 96
968, 26
969, 32
970, 3
971, 22
972, 42
973, 58
974, 12
975, 80
976, 72
977, 10
978, 86
979, 41
980, 51
981, 93
982, 27
983, 66
984, 45
985, 58
986, 36
987, 88
988, 50
989, 33
990, 84
991, 82
992, 56
993, 14
994, 95
995, 59
996, 71
997, 8
998, 19
999, 4
1000, 2
1001, 51
1002, 40
1003, 49
1004, 87
1005, 75
1006, 50
1007, 76
1008, 91
1009, 17
1010, 1
1011, 20
1012, 85
1013, 39
1014, 6
1015, 89
1016, 94
1017, 59
1018, 7
1019, 70
1020, 48
1021, 2
1022, 60
1023, 64
1024, 83
1025, 32
1026, 31
1027, 47
1028, 61
1029, 6
1030, 95
1031, 97
1032, 34
1033, 60
1034, 82
1035, 24
1036, 77
1037, 81
1038, 60
1039, 34
1040, 15
1041, 8
1042, 55
1043, 72
1044, 90
1045, 88
1046, 46
1047, 40
1048, 75
1049, 56
1050, 62
1051, 91
1052, 77
1053, 26
1054, 29
1055, 95
1056, 12
1057, 74
1058, 1
1059, 10
1060, 59
1061, 20
1062, 88
1063, 4
1064, 71
1065, 31
1066, 89
1067, 0
1068, 51
1069, 59
1070, 29
1071, 94
1072, 97
1073, 96
1074, 28
1075, 94
1076, 64
1077, 62
1078, 61
1079, 96
1080, 2
1081, 28
1082, 82
1083, 4
1084, 97
1085, 60
1086, 22
1087, 73
1088, 73
1089, 64
1090, 53
1091, 55
1092, 20
1093, 35
1094, 83
1095, 86
1096, 66
1097, 3
1098, 31
1099, 86
1100, 12
1101, 78
1102, 85
1103, 37
1104, 45
1105, 51
1106, 71
1107, 85
1108, 64
1109, 4
1110, 0
1111, 71
1112, 75
1113, 88
1114, 65
1115, 87
1116, 99
1117, 99
1118, 45
1119, 23
1120, 4
1121, 44
1122, 35
1123, 73
1124, 75
1125, 33
1126, 20
1127, 31
1128, 93
1129, 43
1130, 32
1131, 80
1132, 49
1133, 7
1134, 17
1135, 24
1136, 0
1137, 46
1138, 28
1139, 85
1140, 14
1141, 86
1142, 0
1143, 76
1144, 39
1145, 34
1146, 11
1147, 51
1148, 77
1149, 37
1150, 35
1151, 50
1152, 12
1153, 88
1154, 52
1155, 15
1156, 58
1157, 57
1158, 88
1159, 97
1160, 80
1161, 21
1162, 72
1163, 6
1164, 36
1165, 21
1166, 28
1167, 32
1168, 63
1169, 94
1170, 27
1171, 53
1172, 41
1173, 78
1174, 54
1175, 21
1176, 30
1177, 28
1178, 99
1179, 2
1180, 41
1181, 93
1182, 1
1183, 47
1184, 12
1185, 52
1186, 87
1187, 22
1188, 53
1189, 15
1190, 64
1191, 37
1192, 69
1193, 7
1194, 49
1195, 41
1196, 68
1197, 95
1198, 11
1199, 42
1200, 23
1201, 16
1202, 28
1203, 8
1204, 35
1205, 46
1206, 46
1207, 80
1208, 38
1209, 97
1210, 84
1211, 21
1212, 2
1213, 30
1214, 74
1215, 19
1216, 50
1217, 67
1218, 56
1219, 89
1220, 20
1221, 60
1222, 78
1223, 5
1224, 26
1225, 60
1226, 90
1227, 59
1228, 47
1229, 16
1230, 42
1231, 80
1232, 36
1233, 29
1234, 96
1235, 15
1236, 96
1237, 94
1238, 87
1239, 95
1240, 51
1241, 94
1242, 83
1243, 54
1244, 14
1245, 75
1246, 36
1247, 99
1248, 30
1249, 65
1250, 82
1251, 56
1252, 57
1253, 49
1254, 86
1255, 25
1256, 59
1257, 1
1258, 29
1259, 63
1260, 76
1261, 60
1262, 73
1263, 48
1264, 44
1265, 4
1266, 89
1267, 39
1268, 22
1269, 31
1270, 0
1271, 32
1272, 34
1273, 63
1274, 9
1275, 79
1276, 50
1277, 44
1278, 98
1279, 8
1280, 2
1281, 81
1282, 81
1283, 16
1284, 94
1285, 46
1286, 37
1287, 21
1288, 85
1289, 96
1290, 12
1291, 67
1292, 56
1293, 11
1294, 86
1295, 36
1296, 22
1297, 69
1298, 26
1299, 59
1300, 24
1301, 8
1302, 88
1303, 22
1304, 45
1305, 66
1306, 92
1307, 33
1308, 0
1309, 86
1310, 33
1311, 70
1312, 81
1313, 89
1314, 57
1315, 68
1316, 30
1317, 7
1318, 57
1319, 79
1320, 12
1321, 28
1322, 44
1323, 69
1324, 87
1325, 70
1326, 1
1327, 29
1328, 71
1329, 91
1330, 73
1331, 51
1332, 16
1333, 3
1334, 64
1335, 54
1336, 27
1337, 48
1338, 58
1339, 44
1340, 97
1341, 9
1342, 77
1343, 18
1344, 3
1345, 41
1346, 24
1347, 86
1348, 32
1349, 89
1350, 48
1351, 9
1352, 0
1353, 30
1354, 85
1355, 98
1356, 83
1357, 43
1358, 96
1359, 3
1360, 45
1361, 29
1362, 87
1363, 11
1364, 11
1365, 13
1366, 82
1367, 60
1368, 52
1369, 29
1370, 35
1371, 7
1372, 42
1373, 53
1374, 35
1375, 92
1376, 82
1377, 14
1378, 21
1379, 72
1380, 50
1381, 95
1382, 98
1383, 60
1384, 94
1385, 63
1386, 81
1387, 8
1388, 96
1389, 55
1390, 65
1391, 5
1392, 31
1393, 9
1394, 38
1395, 23
1396, 28
1397, 64
1398, 25
1399, 15
1400, 81
1401, 25
1402, 13
1403, 70
1404, 52
1405, 53
1406, 88
1407, 62
1408, 87
1409, 53
1410, 6
1411, 68
1412, 64
1413, 97
1414, 2
1415, 59
1416, 35
1417, 35
1418, 75
1419, 58
1420, 72
1421, 8
1422, 49
1423, 23
1424, 4
1425, 45
1426, 69
1427, 41
1428, 60
1429, 29
1430, 41
1431, 37
1432, 25
1433, 47
1434, 66
1435, 40
1436, 82
1437, 88
1438, 79
1439, 3
1440, 41
1441, 96
1442, 73
1443, 44
1444, 32
1445, 7
1446, 13
1447, 14
1448, 8
1449, 73
1450, 15
1451, 89
1452, 69
1453, 5
1454, 87
1455, 35
1456, 50
1457, 63
1458, 52
1459, 36
1460, 58
1461, 74
1462, 51
1463, 18
1464, 49
1465, 2
1466, 49
1467, 3
1468, 33
1469, 5
1470, 56
1471, 87
1472, 71
1473, 54
1474, 6
1475, 34
1476, 7
1477, 13
1478, 84
1479, 93
1480, 29
1481, 67
1482, 48
1483, 95
1484, 18
1485, 8
1486, 39
1487, 72
1488, 2
1489, 2
1490, 58
1491, 10
1492, 38
1493, 89
1494, 99
1495, 4
1496, 79
1497, 87
1498, 58
1499, 15
1500, 34
1501, 11
1502, 76
1503, 78
1504, 18
1505, 90
1506, 67
1507, 50
1508, 12
1509, 18
1510, 40
1511, 41
1512, 94
1513, 43
1514, 62
1515, 75
1516, 93
1517, 8
1518, 91
1519, 69
1520, 58
1521, 3
1522, 25
1523, 76
1524, 61
1525, 83
1526, 67
1527, 15
1528, 29
1529, 22
1530, 19
1531, 29
1532, 3
1533, 97
1534, 36
1535, 8
1536, 41
1537, 46
1538, 53
1539, 22
1540, 83
1541, 91
1542, 39
1543, 1
1544, 41
1545, 70
1546, 46
1547, 26
1548, 89
1549, 99
1550, 77
1551, 78
1552, 65
1553, 95
1554, 80
1555, 71
1556, 80
1557, 64
1558, 48
1559, 17
1560, 78
1561, 76
1562, 10
1563, 37
1564, 82
1565, 73
1566, 80
1567, 31
1568, 66
1569, 35
1570, 1
1571, 60
1572, 14
1573, 56
1574, 2
1575, 0
1576, 69
1577, 96
1578, 86
1579, 77
1580, 54
1581, 82
1582, 49
1583, 77
1584, 52
1585, 18
1586, 71
1587, 90
1588, 78
1589, 27
1590, 11
1591, 41
1592, 85
1593, 71
1594, 53
1595, 48
1596, 76
1597, 34
1598, 79
1599, 46
1600, 99
1601, 33
1602, 15
1603, 23
1604, 91
1605, 27
1606, 1
1607, 66
1608, 0
1609, 48
1610, 47
1611, 27
1612, 66
1613, 33
1614, 76
1615, 14
1616, 8
1617, 47
1618, 91
1619, 56
1620, 47
1621, 27
1622, 51
1623, 1
1624, 76
1625, 81
1626, 3
1627, 47
1628, 27
1629, 93
1630, 96
1631, 45
1632, 65
1633, 2
1634, 69
1635, 83
1636, 99
1637, 8
1638, 24
1639, 31
1640, 36
1641, 13
1642, 29
1643, 6
1644, 7
1645, 6
1646, 80
1647, 23
1648, 66
1649, 42
1650, 38
1651, 55
1652, 24
1653, 97
1654, 81
1655, 17
1656, 11
1657, 97
1658, 8
1659, 46
1660, 91
1661, 39
1662, 20
1663, 39
1664, 9
1665, 57
1666, 14
1667, 60
1668, 15
1669, 47
1670, 67
1671, 73
1672, 90
1673, 57
1674, 47
1675, 18
1676, 89
1677, 71
1678, 58
1679, 50
1680, 2
1681, 70
1682, 34
1683, 22
1684, 65
1685, 38
1686, 90
1687, 15
1688, 0
1689, 93
1690, 38
1691, 81
1692, 57
1693, 47
1694, 48
1695, 3
1696, 54
1697, 4
1698, 0
1699, 28
1700, 23
1701, 78
1702, 60
1703, 54
1704, 83
1705, 86
1706, 2
1707, 77
1708, 51
1709, 80
1710, 14
1711, 29
1712, 27
1713, 24
1714, 91
1715, 94
1716, 92
1717, 89
1718, 99
1719, 43
1720, 11
1721, 64
1722, 22
1723, 7
1724, 85
1725, 96
1726, 60
1727, 61
1728, 85
1729, 71
1730, 94
1731, 6
1732, 62
1733, 10
1734, 94
1735, 54
1736, 63
1737, 81
1738, 32
1739, 76
1740, 6
1741, 5
1742, 0
1743, 92
1744, 46
1745, 34
1746, 12
1747, 60
1748, 89
1749, 83
1750, 91
1751, 62
1752, 39
1753, 26
1754, 81
1755, 22
1756, 30
1757, 4
1758, 54
1759, 6
1760, 32
1761, 64
1762, 68
1763, 87
1764, 54
1765, 47
1766, 85
1767, 40
1768, 36
1769, 98
1770, 51
1771, 10
1772, 93
1773, 47
1774, 20
1775, 38
1776, 95
1777, 92
1778, 40
1779, 96
1780, 29
1781, 69
1782, 99
1783, 95
1784, 45
1785, 63
1786, 45
1787, 16
1788, 51
1789, 13
1790, 88
1791, 16
1792, 20
1793, 52
1794, 39
1795, 10
1796, 1
1797, 85
1798, 49
1799, 73
1800, 19
1801, 89
1802, 77
1803, 18
1804, 83
1805, 26
1806, 36
1807, 81
1808, 99
1809, 64
1810, 87
1811, 26
1812, 3
1813, 56
1814, 15
1815, 84
1816, 19
1817, 93
1818, 18
1819, 21
1820, 49
1821, 16
1822, 10
1823, 95
1824, 56
1825, 55
1826, 17
1827, 18
1828, 70
1829, 79
1830, 84
1831, 89
1832, 13
1833, 10
1834, 46
1835, 84
1836, 38
1837, 59
1838, 8
1839, 14
1840, 20
1841, 72
1842, 95
1843, 39
1844, 69
1845, 69
1846, 46
1847, 31
1848, 37
1849, 82
1850, 10
1851, 29
1852, 66
1853, 55
1854, 80
1855, 9
1856, 43
1857, 65
1858, 71
1859, 20
1860, 22
1861, 43
1862, 12
1863, 69
1864, 76
1865, 18
1866, 58
1867, 7
1868, 62
1869, 46
1870, 19
1871, 77
1872, 46
1873, 66
1874, 56
1875, 60
1876, 44
1877, 14
1878, 48
1879, 47
1880, 46
1881, 58
1882, 35
1883, 93
1884, 25
1885, 38
1886, 19
1887, 9
1888, 21
1889, 31
1890, 39
1891, 39
1892, 71
1893, 40
1894, 56
1895, 70
1896, 23
1897, 11
1898, 42
1899, 28
1900, 9
1901, 77
1902, 1
1903, 93
1904, 67
1905, 99
1906, 74
1907, 71
1908, 71
1909, 83
1910, 31
1911, 90
1912, 59
1913, 20
1914, 22
1915, 8
1916, 85
1917, 96
1918, 48
1919, 47
1920, 70
1921, 50
1922, 59
1923, 44
1924, 12
1925, 32
1926, 7
1927, 70
1928, 50
1929, 15
1930, 99
1931, 30
1932, 8
1933, 97
1934, 73
1935, 32
1936, 61
1937, 54
1938, 92
1939, 87
1940, 77
1941, 74
1942, 80
1943, 32
1944, 37
1945, 69
1946, 97
1947, 80
1948, 57
1949, 35
1950, 44
1951, 25
1952, 79
1953, 45
1954, 93
1955, 56
1956, 46
1957, 65
1958, 93
1959, 86
1960, 49
1961, 12
1962, 3
1963, 76
1964, 91
1965, 97
1966, 64
1967, 52
1968, 20
1969, 52
1970, 50
1971, 94
1972, 35
1973, 65
1974, 91
1975, 63
1976, 0
1977, 78
1978, 12
1979, 17
1980, 25
1981, 87
1982, 71
1983, 23
1984, 30
1985, 24
1986, 9
1987, 39
1988, 8
1989, 0
1990, 5
1991, 37
1992, 48
1993, 40
1994, 45
1995, 36
1996, 40
1997, 41
1998, 93
1999, 59
2000, 64
2001, 88
2002, 40
2003, 29
2004, 76
2005, 92
2006, 68
2007, 41
2008, 88
2009, 93
2010, 40
2011, 94
2012, 17
2013, 52
2014, 4
2015, 66
2016, 6
2017, 50
2018, 45
2019, 23
2020, 4
2021, 61
2022, 92
2023, 80
2024, 88
2025, 2
2026, 57
2027, 21
2028, 28
2029, 26
2030, 13
2031, 71
2032, 84
2033, 95
2034, 61
2035, 42
2036, 89
2037, 45
2038, 42
2039, 32
2040, 56
2041, 4
2042, 63
2043, 50
2044, 0
2045, 93
2046, 13
2047, 26
2048, 67
2049, 46
2050, 51
2051, 61
2052, 68
2053, 9
2054, 15
2055, 92
2056, 57
2057, 21
2058, 2
2059, 9
2060, 75
2061, 78
2062, 23
2063, 8
2064, 16
2065, 90
2066, 34
2067, 73
2068, 98
2069, 20
2070, 66
2071, 70
2072, 16
2073, 50
2074, 77
2075, 42
2076, 46
2077, 9
2078, 84
2079, 97
2080, 58
2081, 22
2082, 7
2083, 63
2084, 56
2085, 14
2086, 17
2087, 48
2088, 85
2089, 97
2090, 55
2091, 9
2092, 67
2093, 83
2094, 18
2095, 1
2096, 3
2097, 88
2098, 7
2099, 82
2100, 44
2101, 56
2102, 53
2103, 77
2104, 81
2105, 31
2106, 99
2107, 88
2108, 85
2109, 63
2110, 12
2111, 43
2112, 65
2113, 41
2114, 92
2115, 41
2116, 66
2117, 4
2118, 58
2119, 19
2120, 80
2121, 31
2122, 34
2123, 11
2124, 51
2125, 37
2126, 58
2127, 25
2128, 7
2129, 72
2130, 70
2131, 82
2132, 4
2133, 57
2134, 77
2135, 7
2136, 5
2137, 37
2138, 49
2139, 22
2140, 62
2141, 8
2142, 85
2143, 7
2144, 13
2145, 99
2146, 69
2147, 25
2148, 89
2149, 4
2150, 89
2151, 35
2152, 6
2153, 76
2154, 46
2155, 8
2156, 60
2157, 13
2158, 17
2159, 31
2160, 60
2161, 35
2162, 99
2163, 69
2164, 37
2165, 46
2166, 71
2167, 26
2168, 97
2169, 7
2170, 54
2171, 13
2172, 70
2173, 68
2174, 68
2175, 71
2176, 35
2177, 64
2178, 70
2179, 30
2180, 48
2181, 95
2182, 19
2183, 25
2184, 28
2185, 11
2186, 89
2187, 78
2188, 62
2189, 63
2190, 68
2191, 55
2192, 25
2193, 70
2194, 74
2195, 23
2196, 59
2197, 15
2198, 32
2199, 74
2200, 25
2201, 67
2202, 90
2203, 76
2204, 69
2205, 11
2206, 70
2207, 34
2208, 60
2209, 26
2210, 58
2211, 74
2212, 97
2213, 38
2214, 83
2215, 14
2216, 49
2217, 5
2218, 47
2219, 85
2220, 11
2221, 5
2222, 69
2223, 30
2224, 43
2225, 15
2226, 97
2227, 68
2228, 55
2229, 0
2230, 34
2231, 58
2232, 99
2233, 25
2234, 96
2235, 62
2236, 36
2237, 77
2238, 27
2239, 53
2240, 85
2241, 65
2242, 42
2243, 1
2244, 90
2245, 46
2246, 71
2247, 46
2248, 57
2249, 53
2250, 88
2251, 92
2252, 44
2253, 76
2254, 79
2255, 12
2256, 74
2257, 43
2258, 81
2259, 69
2260, 89
2261, 25
2262, 6
2263, 93
2264, 6
2265, 20
2266, 5
2267, 91
2268, 25
2269, 52
2270, 85
2271, 16
2272, 18
2273, 48
2274, 6
2275, 82
2276, 45
2277, 42
2278, 6
2279, 84
2280, 81
2281, 40
2282, 58
2283, 12
2284, 3
2285, 32
2286, 34
2287, 14
2288, 79
2289, 7
2290, 32
2291, 20
2292, 49
2293, 12
2294, 76
2295, 83
2296, 28
2297, 79
2298, 34
2299, 36
2300, 11
2301, 12
2302, 93
2303, 81
2304, 76
2305, 47
2306, 75
2307, 71
2308, 1
2309, 67
2310, 10
2311, 28
2312, 30
2313, 16
2314, 39
2315, 3
2316, 58
2317, 45
2318, 4
2319, 48
2320, 29
2321, 44
2322, 82
2323, 25
2324, 35
2325, 35
2326, 69
2327, 66
2328, 40
2329, 48
2330, 69
2331, 51
2332, 85
2333, 77
2334, 15
2335, 49
2336, 87
2337, 7
2338, 82
2339, 67
2340, 76
2341, 24
2342, 58
2343, 47
2344, 19
2345, 48
2346, 22
2347, 5
2348, 30
2349, 48
2350, 27
2351, 82
2352, 53
2353, 63
2354, 76
2355, 86
2356, 53
2357, 15
2358, 91
2359, 98
2360, 15
2361, 52
2362, 62
2363, 10
2364, 96
2365, 74
2366, 1
2367, 30
2368, 37
2369, 92
2370, 88
2371, 58
2372, 15
2373, 17
2374, 36
2375, 44
2376, 55
2377, 51
2378, 24
2379, 47
2380, 68
2381, 97
2382, 41
2383, 66
2384, 62
2385, 75
2386, 57
2387, 57
2388, 94
2389, 14
2390, 49
2391, 0
2392, 24
2393, 30
2394, 15
2395, 30
2396, 62
2397, 49
2398, 92
2399, 80
2400, 77
2401, 6
2402, 20
2403, 4
2404, 90
2405, 45
2406, 61
2407, 19
2408, 93
2409, 74
2410, 41
2411, 89
2412, 43
2413, 1
2414, 57
2415, 10
2416, 55
2417, 26
2418, 15
2419, 70
2420, 3
2421, 56
2422, 32
2423, 19
2424, 33
2425, 8
2426, 61
2427, 51
2428, 85
2429, 52
2430, 83
2431, 9
2432, 11
2433, 30
2434, 62
2435, 58
2436, 19
2437, 15
2438, 57
2439, 86
2440, 43
2441, 16
2442, 8
2443, 47
2444, 25
2445, 17
2446, 87
2447, 92
2448, 52
2449, 57
2450, 49
2451, 92
2452, 93
2453, 62
2454, 3
2455, 94
2456, 65
2457, 64
2458, 93
2459, 19
2460, 47
2461, 49
2462, 80
2463, 19
2464, 13
2465, 52
2466, 80
2467, 33
2468, 63
2469, 0
2470, 84
2471, 17
2472, 86
2473, 98
2474, 22
2475, 90
2476, 42
2477, 8
2478, 51
2479, 77
2480, 16
2481, 54
2482, 71
2483, 23
2484, 9
2485, 51
2486, 93
2487, 85
2488, 77
2489, 23
2490, 25
2491, 85
2492, 51
2493, 40
2494, 23
2495, 21
2496, 65
2497, 32
2498, 0
2499, 10
2500, 45
2501, 9
2502, 57
2503, 99
2504, 97
2505, 59
2506, 36
2507, 37
2508, 71
2509, 50
2510, 4
2511, 44
2512, 41
2513, 91
2514, 50
2515, 42
2516, 3
2517, 25
2518, 43
2519, 86
2520, 67
2521, 39
2522, 12
2523, 51
2524, 47
2525, 4
2526, 77
2527, 41
2528, 75
2529, 4
2530, 0
2531, 60
2532, 75
2533, 76
2534, 46
2535, 39
2536, 36
2537, 14
2538, 83
2539, 14
2540, 57
2541, 34
2542, 8
2543, 16
2544, 44
2545, 8
2546, 71
2547, 46
2548, 25
2549, 51
2550, 5
2551, 30
2552, 59
2553, 3
2554, 35
2555, 53
2556, 87
2557, 84
2558, 37
2559, 98
2560, 11
2561, 93
2562, 35
2563, 12
2564, 26
2565, 76
2566, 89
2567, 25
2568, 36
2569, 88
2570, 69
2571, 79
2572, 16
2573, 66
2574, 27
2575, 59
2576, 42
2577, 1
2578, 88
2579, 12
2580, 50
2581, 6
2582, 49
2583, 11
2584, 79
2585, 91
2586, 12
2587, 24
2588, 79
2589, 38
2590, 70
2591, 9
2592, 71
2593, 2
2594, 1
2595, 89
2596, 95
2597, 9
2598, 84
2599, 84
2600, 50
2601, 78
2602, 76
2603, 10
2604, 24
2605, 15
2606, 39
2607, 62
2608, 5
2609, 84
2610, 60
2611, 89
2612, 7
2613, 15
2614, 8
2615, 76
2616, 50
2617, 72
2618, 80
2619, 3
2620, 19
2621, 1
2622, 48
2623, 2
2624, 7
2625, 42
2626, 1
2627, 59
2628, 44
2629, 39
2630, 79
2631, 46
2632, 63
2633, 93
2634, 49
2635, 45
2636, 87
2637, 64
2638, 96
2639, 48
2640, 22
2641, 64
2642, 90
2643, 45
2644, 79
2645, 80
2646, 85
2647, 84
2648, 90
2649, 3
2650, 98
2651, 22
2652, 17
2653, 6
2654, 84
2655, 39
2656, 13
2657, 99
2658, 35
2659, 67
2660, 10
2661, 72
2662, 16
2663, 54
2664, 35
2665, 4
2666, 24
2667, 1
2668, 22
2669, 88
2670, 0
2671, 72
2672, 98
2673, 2
2674, 96
2675, 39
2676, 50
2677, 54
2678, 41
2679, 97
2680, 60
2681, 96
2682, 70
2683, 14
2684, 82
2685, 68
2686, 75
2687, 47
2688, 72
2689, 76
2690, 41
2691, 41
2692, 53
2693, 68
2694, 57
2695, 47
2696, 31
2697, 29
2698, 66
2699, 44
2700, 49
2701, 58
2702, 14
2703, 60
2704, 69
2705, 92
2706, 19
2707, 65
2708, 2
2709, 16
2710, 69
2711, 92
2712, 37
2713, 22
2714, 96
2715, 43
2716, 34
2717, 79
2718, 60
2719, 39
2720, 10
2721, 24
2722, 25
2723, 4
2724, 55
2725, 49
2726, 64
2727, 47
2728, 59
2729, 76
2730, 18
2731, 72
2732, 46
2733, 35
2734, 60
2735, 23
2736, 14
2737, 52
2738, 47
2739, 83
2740, 67
2741, 65
2742, 79
2743, 76
2744, 86
2745, 78
2746, 3
2747, 68
2748, 38
2749, 9
2750, 28
2751, 53
2752, 66
2753, 95
2754, 30
2755, 48
2756, 75
2757, 20
2758, 75
2759, 60
2760, 16
2761, 43
2762, 17
2763, 84
2764, 45
2765, 51
2766, 55
2767, 19
2768, 51
2769, 41
2770, 53
2771, 39
2772, 69
2773, 85
2774, 20
2775, 68
2776, 79
2777, 44
2778, 96
2779, 8
2780, 58
2781, 31
2782, 54
2783, 6
2784, 20
2785, 46
2786, 59
2787, 72
2788, 63
2789, 81
2790, 23
2791, 17
2792, 31
2793, 67
2794, 36
2795, 94
2796, 30
2797, 99
2798, 61
2799, 49
2800, 88
2801, 45
2802, 22
2803, 34
2804, 8
2805, 54
2806, 12
2807, 23
2808, 92
2809, 17
2810, 10
2811, 70
2812, 17
2813, 58
2814, 90
2815, 93
2816, 98
2817, 3
2818, 58
2819, 74
2820, 23
2821, 28
2822, 75
2823, 89
2824, 69
2825, 56
2826, 15
2827, 59
2828, 93
2829, 81
2830, 8
2831, 1
2832, 54
2833, 23
2834, 15
2835, 74
2836, 12
2837, 57
2838, 53
2839, 37
2840, 49
2841, 83
2842, 41
2843, 82
2844, 94
2845, 21
2846, 7
2847, 75
2848, 93
2849, 15
2850, 71
2851, 95
2852, 50
2853, 23
2854, 54
2855, 78
2856, 34
2857, 70
2858, 25
2859, 42
2860, 24
2861, 14
2862, 89
2863, 14
2864, 23
2865, 85
2866, 59
2867, 88
2868, 83
2869, 92
2870, 77
2871, 55
2872, 75
2873, 31
2874, 84
2875, 40
2876, 98
2877, 13
2878, 57
2879, 37
2880, 85
2881, 88
2882, 2
2883, 50
2884, 56
2885, 31
2886, 51
2887, 74
2888, 93
2889, 97
2890, 45
2891, 61
2892, 81
2893, 49
2894, 72
2895, 98
2896, 76
2897, 68
2898, 65
2899, 25
2900, 85
2901, 27
2902, 78
2903, 70
2904, 88
2905, 43
2906, 48
2907, 79
2908, 71
2909, 36
2910, 99
2911, 24
2912, 2
2913, 93
2914, 68
2915, 31
2916, 0
2917, 15
2918, 86
2919, 40
2920, 30
2921, 74
2922, 28
2923, 35
2924, 83
2925, 54
2926, 18
2927, 4
2928, 90
2929, 51
2930, 40
2931, 77
2932, 27
2933, 60
2934, 85
2935, 0
2936, 30
2937, 60
2938, 18
2939, 33
2940, 45
2941, 6
2942, 65
2943, 1
2944, 96
2945, 94
2946, 72
2947, 92
2948, 62
2949, 40
2950, 13
2951, 72
2952, 62
2953, 52
2954, 85
2955, 48
2956, 99
2957, 99
2958, 18
2959, 31
2960, 37
2961, 65
2962, 91
2963, 93
2964, 40
2965, 76
2966, 39
2967, 66
2968, 25
2969, 60
2970, 16
2971, 16
2972, 98
2973, 83
2974, 97
2975, 44
2976, 41
2977, 82
2978, 68
2979, 36
2980, 26
2981, 33
2982, 63
2983, 73
2984, 26
2985, 18
2986, 25
2987, 29
2988, 39
2989, 5
2990, 97
2991, 22
2992, 8
2993, 39
2994, 84
2995, 90
2996, 91
2997, 28
2998, 49
2999, 33
3000, 86
3001, 23
3002, 32
3003, 85
3004, 67
3005, 78
3006, 88
3007, 69
3008, 74
3009, 39
3010, 50
3011, 69
3012, 68
3013, 88
3014, 92
3015, 16
3016, 83
3017, 8
3018, 45
3019, 83
3020, 10
3021, 83
3022, 9
3023, 61
3024, 19
3025, 80
3026, 46
3027, 47
3028, 23
3029, 99
3030, 7
3031, 41
3032, 5
3033, 26
3034, 24
3035, 80
3036, 33
3037, 85
3038, 18
3039, 77
3040, 54
3041, 88
3042, 30
3043, 86
3044, 34
3045, 90
3046, 5
3047, 95
3048, 56
3049, 78
3050, 24
3051, 17
3052, 79
3053, 88
3054, 50
3055, 53
3056, 0
3057, 58
3058, 21
3059, 89
3060, 95
3061, 88
3062, 97
3063, 12
3064, 56
3065, 86
3066, 77
3067, 9
3068, 94
3069, 31
3070, 77
3071, 33
3072, 88
3073, 90
3074, 12
3075, 73
3076, 87
3077, 26
3078, 6
3079, 0
3080, 77
3081, 8
3082, 29
3083, 89
3084, 31
3085, 82
3086, 52
3087, 11
3088, 24
3089, 4
3090, 41
3091, 81
3092, 40
3093, 34
3094, 0
3095, 33
3096, 14
3097, 36
3098, 84
3099, 60
3100, 15
3101, 20
3102, 11
3103, 97
3104, 85
3105, 40
3106, 49
3107, 89
3108, 89
3109, 69
3110, 42
3111, 2
3112, 93
3113, 98
3114, 3
3115, 17
3116, 17
3117, 96
3118, 82
3119, 2
3120, 56
3121, 62
3122, 95
3123, 58
3124, 24
3125, 16
3126, 0
3127, 15
3128, 40
3129, 8
3130, 77
3131, 9
3132, 99
3133, 29
3134, 72
3135, 67
3136, 99
3137, 13
3138, 72
3139, 74
3140, 70
3141, 58
3142, 94
3143, 57
3144, 34
3145, 18
3146, 26
3147, 88
3148, 65
3149, 89
3150, 39
3151, 76
3152, 83
3153, 34
3154, 41
3155, 73
3156, 43
3157, 51
3158, 49
3159, 8
3160, 23
3161, 79
3162, 3
3163, 86
3164, 8
3165, 57
3166, 1
3167, 52
3168, 60
3169, 68
3170, 75
3171, 3
3172, 66
3173, 77
3174, 31
3175, 91
3176, 82
3177, 71
3178, 28
3179, 14
3180, 94
3181, 84
3182, 69
3183, 71
3184, 0
3185, 14
3186, 72
3187, 77
3188, 49
3189, 89
3190, 76
3191, 78
3192, 4
3193, 24
3194, 29
3195, 77
3196, 25
3197, 44
3198, 42
3199, 53
3200, 75
3201, 14
3202, 57
3203, 47
3204, 52
3205, 54
3206, 43
3207, 92
3208, 89
3209, 50
3210, 85
3211, 50
3212, 54
3213, 93
3214, 47
3215, 90
3216, 94
3217, 52
3218, 67
3219, 54
3220, 21
3221, 37
3222, 78
3223, 89
3224, 31
3225, 74
3226, 83
3227, 35
3228, 83
3229, 24
3230, 76
3231, 10
3232, 5
3233, 70
3234, 85
3235, 17
3236, 97
3237, 96
3238, 52
3239, 65
3240, 37
3241, 12
3242, 89
3243, 15
3244, 1
3245, 67
3246, 98
3247, 74
3248, 37
3249, 56
3250, 75
3251, 94
3252, 54
3253, 88
3254, 46
3255, 49
3256, 47
3257, 54
3258, 80
3259, 16
3260, 25
3261, 3
3262, 4
3263, 60
3264, 79
3265, 11
3266, 73
3267, 96
3268, 74
3269, 77
3270, 3
3271, 2
3272, 77
3273, 20
3274, 86
3275, 97
3276, 8
3277, 20
3278, 81
3279, 17
3280, 40
3281, 78
3282, 74
3283, 28
3284, 25
3285, 55
3286, 58
3287, 38
3288, 26
3289, 61
3290, 91
3291, 5
3292, 3
3293, 42
3294, 27
3295, 94
3296, 37
3297, 71
3298, 34
3299, 58
3300, 94
3301, 18
3302, 80
3303, 11
3304, 24
3305, 70
3306, 93
3307, 65
3308, 69
3309, 1
3310, 99
3311, 32
3312, 0
3313, 38
3314, 7
3315, 56
3316, 2
3317, 33
3318, 22
3319, 55
3320, 79
3321, 54
3322, 25
3323, 65
3324, 80
3325, 0
3326, 55
3327, 79
3328, 51
3329, 66
3330, 27
3331, 15
3332, 69
3333, 26
3334, 68
3335, 32
3336, 12
3337, 75
3338, 0
3339, 75
3340, 16
3341, 92
3342, 55
3343, 18
3344, 73
3345, 12
3346, 52
3347, 69
3348, 41
3349, 27
3350, 98
3351, 43
3352, 49
3353, 27
3354, 36
3355, 90
3356, 25
3357, 83
3358, 47
3359, 57
3360, 9
3361, 74
3362, 59
3363, 57
3364, 34
3365, 42
3366, 36
3367, 25
3368, 21
3369, 65
3370, 70
3371, 46
3372, 47
3373, 82
3374, 25
3375, 72
3376, 62
3377, 69
3378, 25
3379, 23
3380, 89
3381, 98
3382, 44
3383, 55
3384, 13
3385, 87
3386, 67
3387, 23
3388, 81
3389, 31
3390, 58
3391, 47
3392, 74
3393, 14
3394, 92
3395, 30
3396, 26
3397, 10
3398, 33
3399, 23
3400, 39
3401, 57
3402, 77
3403, 60
3404, 59
3405, 16
3406, 76
3407, 8
3408, 7
3409, 74
3410, 28
3411, 13
3412, 0
3413, 46
3414, 11
3415, 79
3416, 46
3417, 83
3418, 51
3419, 22
3420, 60
3421, 20
3422, 94
3423, 42
3424, 19
3425, 84
3426, 41
3427, 15
3428, 55
3429, 43
3430, 17
3431, 30
3432, 7
3433, 77
3434, 72
3435, 29
3436, 90
3437, 50
3438, 9
3439, 94
3440, 93
3441, 42
3442, 44
3443, 34
3444, 73
3445, 2
3446, 77
3447, 50
3448, 86
3449, 88
3450, 68
3451, 16
3452, 79
3453, 17
3454, 29
3455, 43
3456, 89
3457, 60
3458, 25
3459, 86
3460, 63
3461, 72
3462, 62
3463, 39
3464, 82
3465, 29
3466, 12
3467, 95
3468, 89
3469, 67
3470, 94
3471, 33
3472, 17
3473, 76
3474, 21
3475, 98
3476, 75
3477, 57
3478, 62
3479, 7
3480, 5
3481, 44
3482, 90
3483, 15
3484, 16
3485, 5
3486, 65
3487, 1
3488, 21
3489, 5
3490, 13
3491, 46
3492, 50
3493, 40
3494, 20
3495, 13
3496, 95
3497, 65
3498, 61
3499, 17
3500, 9
3501, 16
3502, 72
3503, 98
3504, 94
3505, 36
3506, 8
3507, 58
3508, 52
3509, 34
3510, 78
3511, 39
3512, 71
3513, 80
3514, 10
3515, 89
3516, 73
3517, 93
3518, 30
3519, 94
3520, 42
3521, 51
3522, 87
3523, 89
3524, 38
3525, 59
3526, 8
3527, 42
3528, 10
3529, 55
3530, 15
3531, 25
3532, 64
3533, 23
3534, 96
3535, 95
3536, 97
3537, 30
3538, 52
3539, 99
3540, 10
3541, 18
3542, 4
3543, 15
3544, 60
3545, 57
3546, 40
3547, 11
3548, 65
3549, 68
3550, 77
3551, 53
3552, 74
3553, 11
3554, 43
3555, 70
3556, 60
3557, 80
3558, 63
3559, 57
3560, 18
3561, 58
3562, 65
3563, 83
3564, 42
3565, 31
3566, 43
3567, 46
3568, 32
3569, 21
3570, 90
3571, 60
3572, 21
3573, 11
3574, 89
3575, 35
3576, 71
3577, 60
3578, 64
3579, 99
3580, 83
3581, 8
3582, 3
3583, 51
3584, 50
3585, 79
3586, 78
3587, 97
3588, 45
3589, 82
3590, 93
3591, 53
3592, 76
3593, 16
3594, 76
3595, 6
3596, 64
3597, 32
3598, 92
3599, 3
3600, 7
3601, 24
3602, 17
3603, 24
3604, 82
3605, 69
3606, 41
3607, 7
3608, 12
3609, 36
3610, 58
3611, 82
3612, 12
3613, 97
3614, 26
3615, 83
3616, 23
3617, 34
3618, 83
3619, 21
3620, 53
3621, 67
3622, 28
3623, 93
3624, 25
3625, 44
3626, 35
3627, 64
3628, 68
3629, 21
3630, 12
3631, 5
3632, 23
3633, 78
3634, 86
3635, 62
3636, 91
3637, 17
3638, 16
3639, 87
3640, 76
3641, 20
3642, 53
3643, 49
3644, 99
3645, 7
3646, 82
3647, 41
3648, 10
3649, 88
3650, 77
3651, 83
3652, 85
3653, 95
3654, 18
3655, 81
3656, 85
3657, 40
3658, 48
3659, 97
3660, 44
3661, 72
3662, 2
3663, 12
3664, 41
3665, 12
3666, 3
3667, 12
3668, 20
3669, 97
3670, 34
3671, 29
3672, 88
3673, 58
3674, 88
3675, 58
3676, 69
3677, 93
3678, 80
3679, 24
3680, 5
3681, 38
3682, 63
3683, 37
3684, 46
3685, 34
3686, 68
3687, 46
3688, 78
3689, 91
3690, 86
3691, 40
3692, 74
3693, 17
3694, 29
3695, 67
3696, 3
3697, 3
3698, 29
3699, 56
3700, 57
3701, 48
3702, 22
3703, 93
3704, 60
3705, 55
3706, 47
3707, 12
3708, 46
3709, 47
3710, 60
3711, 44
3712, 77
3713, 96
3714, 31
3715, 96
3716, 7
3717, 66
3718, 50
3719, 94
3720, 91
3721, 43
3722, 85
3723, 37
3724, 67
3725, 24
3726, 17
3727, 40
3728, 42
3729, 59
3730, 34
3731, 19
3732, 87
3733, 62
3734, 60
3735, 64
3736, 51
3737, 26
3738, 98
3739, 60
3740, 47
3741, 2
3742, 50
3743, 23
3744, 33
3745, 0
3746, 39
3747, 11
3748, 11
3749, 55
3750, 87
3751, 8
3752, 83
3753, 18
3754, 24
3755, 22
3756, 82
3757, 12
3758, 3
3759, 97
3760, 49
3761, 39
3762, 24
3763, 55
3764, 71
3765, 64
3766, 8
3767, 48
3768, 25
3769, 92
3770, 78
3771, 96
3772, 14
3773, 85
3774, 1
3775, 74
3776, 62
3777, 98
3778, 45
3779, 99
3780, 44
3781, 33
3782, 84
3783, 25
3784, 63
3785, 42
3786, 22
3787, 81
3788, 45
3789, 86
3790, 86
3791, 55
3792, 81
3793, 80
3794, 61
3795, 88
3796, 63
3797, 52
3798, 2
3799, 53
3800, 4
3801, 56
3802, 26
3803, 50
3804, 25
3805, 59
3806, 98
3807, 16
3808, 13
3809, 96
3810, 83
3811, 98
3812, 77
3813, 71
3814, 46
3815, 93
3816, 3
3817, 95
3818, 44
3819, 51
3820, 79
3821, 68
3822, 87
3823, 60
3824, 61
3825, 65
3826, 10
3827, 21
3828, 30
3829, 19
3830, 93
3831, 12
3832, 89
3833, 40
3834, 52
3835, 55
3836, 95
3837, 65
3838, 94
3839, 56
3840, 5
3841, 57
3842, 43
3843, 98
3844, 74
3845, 41
3846, 60
3847, 60
3848, 5
3849, 43
3850, 51
3851, 33
3852, 52
3853, 43
3854, 6
3855, 76
3856, 22
3857, 25
3858, 27
3859, 54
3860, 11
3861, 23
3862, 17
3863, 32
3864, 88
3865, 1
3866, 56
3867, 22
3868, 3
3869, 94
3870, 62
3871, 92
3872, 23
3873, 42
3874, 80
3875, 82
3876, 49
3877, 61
3878, 90
3879, 58
3880, 57
3881, 14
3882, 86
3883, 64
3884, 28
3885, 57
3886, 69
3887, 48
3888, 27
3889, 23
3890, 62
3891, 83
3892, 45
3893, 1
3894, 53
3895, 43
3896, 41
3897, 97
3898, 17
3899, 11
3900, 66
3901, 13
3902, 50
3903, 67
3904, 41
3905, 57
3906, 72
3907, 83
3908, 78
3909, 17
3910, 61
3911, 29
3912, 76
3913, 45
3914, 79
3915, 16
3916, 1
3917, 36
3918, 16
3919, 9
3920, 26
3921, 22
3922, 92
3923, 74
3924, 71
3925, 96
3926, 46
3927, 4
3928, 95
3929, 51
3930, 15
3931, 73
3932, 66
3933, 53
3934, 88
3935, 21
3936, 96
3937, 43
3938, 56
3939, 54
3940, 63
3941, 49
3942, 27
3943, 63
3944, 10
3945, 9
3946, 27
3947, 52
3948, 49
3949, 29
3950, 20
3951, 5
3952, 44
3953, 22
3954, 21
3955, 76
3956, 42
3957, 53
3958, 3
3959, 98
3960, 97
3961, 95
3962, 17
3963, 48
3964, 76
3965, 57
3966, 67
3967, 14
3968, 31
3969, 18
3970, 16
3971, 36
3972, 9
3973, 95
3974, 76
3975, 80
3976, 67
3977, 65
3978, 80
3979, 82
3980, 56
3981, 98
3982, 34
3983, 19
3984, 84
3985, 55
3986, 10
3987, 70
3988, 59
3989, 33
3990, 76
3991, 11
3992, 85
3993, 97
3994, 93
3995, 0
3996, 52
3997, 57
3998, 53
3999, 28
4000, 56
4001, 64
4002, 30
4003, 2
4004, 22
4005, 7
4006, 14
4007, 18
4008, 86
4009, 16
4010, 89
4011, 53
4012, 26
4013, 81
4014, 95
4015, 75
4016, 44
4017, 4
4018, 5
4019, 70
4020, 64
4021, 85
4022, 98
4023, 21
4024, 14
4025, 11
4026, 64
4027, 93
4028, 0
4029, 73
4030, 79
4031, 62
4032, 70
4033, 44
4034, 10
4035, 73
4036, 9
4037, 36
4038, 89
4039, 58
4040, 84
4041, 24
4042, 65
4043, 49
4044, 92
4045, 21
4046, 38
4047, 91
4048, 41
4049, 42
4050, 85
4051, 27
4052, 99
4053, 65
4054, 88
4055, 98
4056, 97
4057, 44
4058, 97
4059, 43
4060, 81
4061, 22
4062, 90
4063, 72
4064, 9
4065, 92
4066, 18
4067, 40
4068, 31
4069, 70
4070, 44
4071, 42
4072, 84
4073, 40
4074, 70
4075, 50
4076, 68
4077, 70
4078, 88
4079, 37
4080, 35
4081, 48
4082, 59
4083, 33
4084, 89
4085, 48
4086, 42
4087, 28
4088, 28
4089, 35
4090, 7
4091, 24
4092, 93
4093, 94
4094, 58
4095, 4
4096, 10
4097, 87
4098, 14
4099, 56
4100, 28
4101, 25
4102, 8
4103, 21
4104, 93
4105, 5
4106, 16
4107, 99
4108, 94
4109, 81
4110, 71
4111, 24
4112, 57
4113, 82
4114, 63
4115, 70
4116, 14
4117, 13
4118, 3
4119, 40
4120, 30
4121, 4
4122, 77
4123, 19
4124, 50
4125, 29
4126, 57
4127, 43
4128, 2
4129, 75
4130, 72
4131, 79
4132, 40
4133, 52
4134, 87
4135, 25
4136, 28
4137, 59
4138, 68
4139, 48
4140, 57
4141, 57
4142, 86
4143, 96
4144, 61
4145, 5
4146, 88
4147, 88
4148, 40
4149, 63
4150, 16
4151, 34
4152, 86
4153, 13
4154, 82
4155, 31
4156, 26
4157, 99
4158, 11
4159, 84
4160, 10
4161, 34
4162, 96
4163, 59
4164, 0
4165, 2
4166, 87
4167, 51
4168, 28
4169, 23
4170, 38
4171, 24
4172, 11
4173, 3
4174, 48
4175, 22
4176, 79
4177, 71
4178, 52
4179, 1
4180, 81
4181, 74
4182, 70
4183, 1
4184, 26
4185, 82
4186, 60
4187, 9
4188, 67
4189, 79
4190, 50
4191, 89
4192, 96
4193, 14
4194, 13
4195, 13
4196, 43
4197, 82
4198, 0
4199, 1
4200, 11
4201, 0
4202, 1
4203, 86
4204, 8
4205, 65
4206, 56
4207, 29
4208, 20
4209, 68
4210, 64
4211, 43
4212, 2
4213, 94
4214, 1
4215, 78
4216, 86
4217, 59
4218, 2
4219, 3
4220, 17
4221, 91
4222, 15
4223, 99
4224, 47
4225, 0
4226, 56
4227, 98
4228, 1
4229, 31
4230, 43
4231, 52
4232, 98
4233, 6
4234, 10
4235, 29
4236, 84
4237, 16
4238, 81
4239, 69
4240, 16
4241, 14
4242, 86
4243, 51
4244, 11
4245, 67
4246, 21
4247, 10
4248, 86
4249, 27
4250, 42
4251, 79
4252, 8
4253, 7
4254, 89
4255, 71
4256, 71
4257, 57
4258, 57
4259, 11
4260, 12
4261, 86
4262, 28
4263, 33
4264, 69
4265, 87
4266, 43
4267, 67
4268, 45
4269, 67
4270, 11
4271, 57
4272, 44
4273, 97
4274, 73
4275, 85
4276, 26
4277, 60
4278, 77
4279, 59
4280, 88
4281, 13
4282, 8
4283, 3
4284, 94
4285, 44
4286, 52
4287, 52
4288, 8
4289, 8
4290, 90
4291, 61
4292, 14
4293, 66
4294, 77
4295, 90
4296, 65
4297, 21
4298, 59
4299, 40
4300, 25
4301, 54
4302, 74
4303, 40
4304, 89
4305, 23
4306, 92
4307, 4
4308, 86
4309, 98
4310, 48
4311, 7
4312, 63
4313, 77
4314, 65
4315, 49
4316, 15
4317, 25
4318, 36
4319, 13
4320, 14
4321, 98
4322, 91
4323, 81
4324, 76
4325, 89
4326, 18
4327, 11
4328, 45
4329, 4
4330, 48
4331, 26
4332, 41
4333, 2
4334, 81
4335, 75
4336, 26
4337, 96
4338, 37
4339, 75
4340, 81
4341, 99
4342, 95
4343, 61
4344, 56
4345, 28
4346, 61
4347, 45
4348, 20
4349, 86
4350, 32
4351, 92
4352, 52
4353, 31
4354, 67
4355, 42
4356, 44
4357, 6
4358, 55
4359, 22
4360, 96
4361, 59
4362, 43
4363, 77
4364, 37
4365, 10
4366, 70
4367, 0
4368, 54
4369, 82
4370, 86
4371, 46
4372, 43
4373, 36
4374, 71
4375, 65
4376, 32
4377, 30
4378, 24
4379, 88
4380, 40
4381, 76
4382, 64
4383, 80
4384, 69
4385, 70
4386, 24
4387, 43
4388, 53
4389, 53
4390, 75
4391, 78
4392, 62
4393, 18
4394, 12
4395, 50
4396, 82
4397, 62
4398, 82
4399, 60
4400, 70
4401, 81
4402, 1
4403, 42
4404, 54
4405, 29
4406, 64
4407, 92
4408, 28
4409, 39
4410, 4
4411, 88
4412, 62
4413, 84
4414, 30
4415, 45
4416, 39
4417, 45
4418, 26
4419, 99
4420, 92
4421, 86
4422, 59
4423, 96
4424, 25
4425, 65
4426, 96
4427, 76
4428, 61
4429, 12
4430, 87
4431, 23
4432, 16
4433, 7
4434, 62
4435, 72
4436, 8
4437, 69
4438, 15
4439, 58
4440, 45
4441, 90
4442, 9
4443, 43
4444, 0
4445, 32
4446, 38
4447, 1
4448, 19
4449, 76
4450, 30
4451, 79
4452, 17
4453, 63
4454, 29
4455, 28
4456, 19
4457, 22
4458, 76
4459, 61
4460, 21
4461, 16
4462, 35
4463, 32
4464, 13
4465, 64
4466, 73
4467, 6
4468, 64
4469, 91
4470, 65
4471, 69
4472, 31
4473, 9
4474, 77
4475, 77
4476, 5
4477, 68
4478, 93
4479, 89
4480, 66
4481, 25
4482, 2
4483, 33
4484, 62
4485, 87
4486, 93
4487, 62
4488, 70
4489, 65
4490, 10
4491, 50
4492, 28
4493, 0
4494, 29
4495, 97
4496, 59
4497, 64
4498, 86
4499, 23
4500, 55
4501, 18
4502, 19
4503, 12
4504, 14
4505, 12
4506, 47
4507, 5
4508, 59
4509, 41
4510, 95
4511, 26
4512, 89
4513, 51
4514, 99
4515, 88
4516, 0
4517, 14
4518, 85
4519, 78
4520, 0
4521, 44
4522, 28
4523, 20
4524, 67
4525, 55
4526, 81
4527, 64
4528, 28
4529, 87
4530, 3
4531, 45
4532, 13
4533, 74
4534, 21
4535, 67
4536, 61
4537, 65
4538, 43
4539, 58
4540, 69
4541, 55
4542, 1
4543, 53
4544, 51
4545, 25
4546, 62
4547, 29
4548, 53
4549, 47
4550, 20
4551, 76
4552, 58
4553, 44
4554, 25
4555, 38
4556, 39
4557, 77
4558, 83
4559, 38
4560, 63
4561, 28
4562, 28
4563, 34
4564, 57
4565, 76
4566, 23
4567, 30
4568, 49
4569, 51
4570, 0
4571, 29
4572, 77
4573, 47
4574, 72
4575, 29
4576, 0
4577, 67
4578, 7
4579, 56
4580, 71
4581, 26
4582, 48
4583, 33
4584, 84
4585, 47
4586, 44
4587, 54
4588, 60
4589, 86
4590, 35
4591, 39
4592, 58
4593, 5
4594, 77
4595, 37
4596, 65
4597, 53
4598, 3
4599, 2
4600, 98
4601, 96
4602, 81
4603, 86
4604, 29
4605, 90
4606, 25
4607, 88
4608, 74
4609, 16
4610, 99
4611, 47
4612, 70
4613, 45
4614, 45
4615, 83
4616, 26
4617, 12
4618, 21
4619, 62
4620, 45
4621, 87
4622, 76
4623, 26
4624, 5
4625, 5
4626, 87
4627, 72
4628, 65
4629, 0
4630, 61
4631, 42
4632, 17
4633, 49
4634, 53
4635, 36
4636, 54
4637, 8
4638, 66
4639, 65
4640, 84
4641, 99
4642, 70
4643, 8
4644, 50
4645, 23
4646, 40
4647, 89
4648, 5
4649, 97
4650, 60
4651, 51
4652, 76
4653, 51
4654, 45
4655, 23
4656, 84
4657, 9
4658, 73
4659, 3
4660, 44
4661, 35
4662, 83
4663, 65
4664, 78
4665, 20
4666, 56
4667, 92
4668, 59
4669, 80
4670, 27
4671, 14
4672, 27
4673, 14
4674, 0
4675, 53
4676, 44
4677, 66
4678, 97
4679, 8
4680, 60
4681, 1
4682, 47
4683, 63
4684, 30
4685, 93
4686, 35
4687, 85
4688, 66
4689, 30
4690, 73
4691, 71
4692, 83
4693, 9
4694, 24
4695, 50
4696, 81
4697, 44
4698, 48
4699, 10
4700, 6
4701, 76
4702, 97
4703, 97
4704, 42
4705, 75
4706, 77
4707, 50
4708, 30
4709, 84
4710, 46
4711, 46
4712, 2
4713, 40
4714, 67
4715, 14
4716, 50
4717, 22
4718, 10
4719, 54
4720, 68
4721, 0
4722, 20
4723, 73
4724, 91
4725, 98
4726, 52
4727, 46
4728, 26
4729, 6
4730, 89
4731, 26
4732, 94
4733, 63
4734, 73
4735, 96
4736, 56
4737, 58
4738, 73
4739, 57
4740, 71
4741, 24
4742, 39
4743, 87
4744, 45
4745, 61
4746, 67
4747, 21
4748, 38
4749, 71
4750, 50
4751, 50
4752, 94
4753, 10
4754, 5
4755, 22
4756, 12
4757, 91
4758, 35
4759, 80
4760, 0
4761, 46
4762, 44
4763, 35
4764, 32
4765, 17
4766, 63
4767, 44
4768, 33
4769, 14
4770, 32
4771, 29
4772, 6
4773, 72
4774, 53
4775, 1
4776, 56
4777, 53
4778, 15
4779, 2
4780, 94
4781, 4
4782, 40
4783, 4
4784, 26
4785, 31
4786, 37
4787, 14
4788, 34
4789, 25
4790, 53
4791, 11
4792, 51
4793, 68
4794, 96
4795, 90
4796, 62
4797, 90
4798, 39
4799, 4
4800, 43
4801, 66
4802, 69
4803, 0
4804, 73
4805, 61
4806, 40
4807, 43
4808, 82
4809, 29
4810, 22
4811, 98
4812, 52
4813, 30
4814, 90
4815, 2
4816, 30
4817, 1
4818, 45
4819, 50
4820, 97
4821, 61
4822, 0
4823, 21
4824, 42
4825, 70
4826, 94
4827, 1
4828, 70
4829, 90
4830, 44
4831, 83
4832, 59
4833, 58
4834, 79
4835, 30
4836, 30
4837, 79
4838, 30
4839, 9
4840, 42
4841, 45
4842, 4
4843, 16
4844, 91
4845, 38
4846, 14
4847, 1
4848, 37
4849, 97
4850, 61
4851, 96
4852, 53
4853, 81
4854, 4
4855, 77
4856, 65
4857, 22
4858, 59
4859, 66
4860, 76
4861, 19
4862, 36
4863, 76
4864, 68
4865, 9
4866, 69
4867, 14
4868, 19
4869, 31
4870, 62
4871, 23
4872, 28
4873, 77
4874, 53
4875, 64
4876, 90
4877, 72
4878, 70
4879, 67
4880, 24
4881, 89
4882, 67
4883, 83
4884, 5
4885, 93
4886, 70
4887, 98
4888, 79
4889, 7
4890, 95
4891, 29
4892, 12
4893, 30
4894, 74
4895, 35
4896, 32
4897, 51
4898, 55
4899, 84
4900, 76
4901, 8
4902, 32
4903, 67
4904, 5
4905, 34
4906, 86
4907, 90
4908, 4
4909, 95
4910, 1
4911, 30
4912, 41
4913, 94
4914, 59
4915, 97
4916, 22
4917, 40
4918, 62
4919, 75
4920, 98
4921, 98
4922, 68
4923, 99
4924, 38
4925, 64
4926, 19
4927, 68
4928, 84
4929, 21
4930, 62
4931, 78
4932, 82
4933, 30
4934, 48
4935, 4
4936, 37
4937, 61
4938, 63
4939, 87
4940, 23
4941, 98
4942, 28
4943, 2
4944, 89
4945, 70
4946, 75
4947, 49
4948, 24
4949, 67
4950, 73
4951, 89
4952, 41
4953, 93
4954, 97
4955, 47
4956, 69
4957, 80
4958, 57
4959, 99
4960, 78
4961, 76
4962, 72
4963, 70
4964, 52
4965, 16
4966, 93
4967, 24
4968, 44
4969, 11
4970, 75
4971, 4
4972, 26
4973, 44
4974, 74
4975, 21
4976, 85
4977, 39
4978, 96
4979, 49
4980, 47
4981, 34
4982, 19
4983, 38
4984, 76
4985, 37
4986, 60
4987, 87
4988, 83
4989, 1
4990, 43
4991, 50
4992, 56
4993, 13
4994, 91
4995, 95
4996, 46
4997, 32
4998, 37
4999, 48
5000, 10
5001, 66
5002, 27
5003, 66
5004, 86
5005, 69
5006, 50
5007, 88
5008, 28
5009, 22
5010, 94
5011, 30
5012, 35
5013, 42
5014, 59
5015, 58
5016, 5
5017, 85
5018, 57
5019, 37
5020, 88
5021, 86
5022, 54
5023, 67
5024, 30
5025, 2
5026, 7
5027, 46
5028, 99
5029, 8
5030, 11
5031, 95
5032, 97
5033, 47
5034, 37
5035, 62
5036, 50
5037, 60
5038, 93
5039, 88
5040, 67
5041, 78
5042, 52
5043, 51
5044, 39
5045, 2
5046, 50
5047, 96
5048, 20
5049, 3
5050, 21
5051, 12
5052, 39
5053, 93
5054, 99
5055, 35
5056, 28
5057, 22
5058, 50
5059, 26
5060, 27
5061, 39
5062, 23
5063, 57
5064, 65
5065, 89
5066, 47
5067, 53
5068, 46
5069, 14
5070, 24
5071, 98
5072, 15
5073, 25
5074, 86
5075, 63
5076, 54
5077, 16
5078, 70
5079, 19
5080, 79
5081, 49
5082, 98
5083, 61
5084, 95
5085, 32
5086, 80
5087, 8
5088, 59
5089, 46
5090, 79
5091, 79
5092, 3
5093, 42
5094, 23
5095, 5
5096, 83
5097, 77
5098, 55
5099, 6
5100, 80
5101, 20
5102, 12
5103, 12
5104, 28
5105, 23
5106, 14
5107, 97
5108, 66
5109, 60
5110, 30
5111, 77
5112, 82
5113, 19
5114, 69
5115, 6
5116, 11
5117, 17
5118, 13
5119, 86
5120, 96
5121, 73
5122, 35
5123, 46
5124, 70
5125, 1
5126, 89
5127, 19
5128, 1
5129, 15
5130, 20
5131, 70
5132, 9
5133, 70
5134, 67
5135, 91
5136, 47
5137, 32
5138, 52
5139, 48
5140, 85
5141, 97
5142, 92
5143, 11
5144, 9
5145, 46
5146, 48
5147, 89
5148, 94
5149, 3
5150, 84
5151, 61
5152, 34
5153, 60
5154, 79
5155, 72
5156, 74
5157, 28
5158, 48
5159, 10
5160, 77
5161, 99
5162, 2
5163, 68
5164, 86
5165, 86
5166, 25
5167, 55
5168, 34
5169, 80
5170, 28
5171, 73
5172, 28
5173, 71
5174, 72
5175, 8
5176, 8
5177, 75
5178, 58
5179, 16
5180, 52
5181, 7
5182, 26
5183, 27
5184, 13
5185, 33
5186, 81
5187, 63
5188, 73
5189, 67
5190, 69
5191, 77
5192, 8
5193, 54
5194, 52
5195, 94
5196, 84
5197, 34
5198, 40
5199, 58
5200, 99
5201, 17
5202, 98
5203, 39
5204, 32
5205, 14
5206, 64
5207, 79
5208, 44
5209, 10
5210, 38
5211, 89
5212, 46
5213, 71
5214, 30
5215, 78
5216, 51
5217, 10
5218, 3
5219, 10
5220, 33
5221, 49
5222, 7
5223, 9
5224, 40
5225, 98
5226, 51
5227, 91
5228, 7
5229, 80
5230, 65
5231, 39
5232, 61
5233, 76
5234, 32
5235, 85
5236, 79
5237, 10
5238, 56
5239, 27
5240, 27
5241, 51
5242, 26
5243, 73
5244, 59
5245, 92
5246, 92
5247, 22
5248, 56
5249, 5
5250, 70
5251, 66
5252, 5
5253, 62
5254, 64
5255, 32
5256, 87
5257, 92
5258, 31
5259, 11
5260, 15
5261, 2
5262, 61
5263, 41
5264, 16
5265, 32
5266, 27
5267, 17
5268, 48
5269, 78
5270, 3
5271, 23
5272, 43
5273, 76
5274, 12
5275, 17
5276, 52
5277, 54
5278, 22
5279, 52
5280, 34
5281, 64
5282, 64
5283, 57
5284, 82
5285, 76
5286, 7
5287, 7
5288, 47
5289, 18
5290, 44
5291, 49
5292, 6
5293, 55
5294, 90
5295, 22
5296, 20
5297, 87
5298, 10
5299, 38
5300, 66
5301, 30
5302, 46
5303, 8
5304, 84
5305, 98
5306, 3
5307, 9
5308, 53
5309, 72
5310, 58
5311, 55
5312, 52
5313, 32
5314, 20
5315, 97
5316, 63
5317, 31
5318, 3
5319, 2
5320, 25
5321, 21
5322, 82
5323, 77
5324, 61
5325, 6
5326, 31
5327, 71
5328, 30
5329, 34
5330, 99
5331, 80
5332, 44
5333, 52
5334, 32
5335, 46
5336, 38
5337, 16
5338, 90
5339, 91
5340, 58
5341, 4
5342, 68
5343, 43
5344, 64
5345, 7
5346, 27
5347, 27
5348, 16
5349, 47
5350, 35
5351, 25
5352, 2
5353, 18
5354, 41
5355, 67
5356, 34
5357, 39
5358, 70
5359, 48
5360, 25
5361, 25
5362, 32
5363, 55
5364, 7
5365, 60
5366, 75
5367, 18
5368, 71
5369, 77
5370, 63
5371, 91
5372, 32
5373, 90
5374, 29
5375, 59
5376, 81
5377, 7
5378, 43
5379, 86
5380, 96
5381, 72
5382, 34
5383, 25
5384, 88
5385, 86
5386, 49
5387, 4
5388, 62
5389, 95
5390, 11
5391, 95
5392, 98
5393, 18
5394, 46
5395, 97
5396, 13
5397, 14
5398, 85
5399, 65
5400, 27
5401, 36
5402, 52
5403, 15
5404, 6
5405, 7
5406, 62
5407, 75
5408, 86
5409, 75
5410, 46
5411, 45
5412, 87
5413, 21
5414, 23
5415, 54
5416, 79
5417, 50
5418, 18
5419, 82
5420, 72
5421, 94
5422, 49
5423, 15
5424, 21
5425, 25
5426, 22
5427, 62
5428, 33
5429, 64
5430, 16
5431, 46
5432, 33
5433, 56
5434, 60
5435, 74
5436, 60
5437, 20
5438, 13
5439, 35
5440, 59
5441, 51
5442, 91
5443, 6
5444, 57
5445, 24
5446, 52
5447, 76
5448, 6
5449, 74
5450, 59
5451, 45
5452, 96
5453, 16
5454, 28
5455, 25
5456, 48
5457, 8
5458, 20
5459, 0
5460, 39
5461, 11
5462, 22
5463, 27
5464, 69
5465, 22
5466, 71
5467, 63
5468, 64
5469, 45
5470, 32
5471, 80
5472, 63
5473, 16
5474, 74
5475, 68
5476, 74
5477, 69
5478, 34
5479, 18
5480, 1
5481, 97
5482, 24
5483, 75
5484, 14
5485, 19
5486, 71
5487, 90
5488, 51
5489, 27
5490, 98
5491, 74
5492, 5
5493, 94
5494, 38
5495, 25
5496, 1
5497, 83
5498, 32
5499, 41
5500, 64
5501, 10
5502, 75
5503, 9
5504, 51
5505, 64
5506, 41
5507, 15
5508, 9
5509, 37
5510, 63
5511, 69
5512, 60
5513, 81
5514, 19
5515, 80
5516, 80
5517, 59
5518, 53
5519, 11
5520, 33
5521, 57
5522, 23
5523, 77
5524, 24
5525, 50
5526, 54
5527, 93
5528, 5
5529, 91
5530, 42
5531, 26
5532, 54
5533, 89
5534, 48
5535, 45
5536, 33
5537, 1
5538, 22
5539, 25
5540, 62
5541, 16
5542, 14
5543, 87
5544, 30
5545, 75
5546, 24
5547, 97
5548, 90
5549, 55
5550, 81
5551, 57
5552, 9
5553, 9
5554, 42
5555, 43
5556, 21
5557, 80
5558, 34
5559, 94
5560, 32
5561, 61
5562, 68
5563, 22
5564, 16
5565, 54
5566, 23
5567, 30
5568, 66
5569, 8
5570, 63
5571, 15
5572, 0
5573, 1
5574, 94
5575, 38
5576, 57
5577, 55
5578, 97
5579, 56
5580, 35
5581, 99
5582, 20
5583, 11
5584, 9
5585, 99
5586, 58
5587, 13
5588, 43
5589, 80
5590, 84
5591, 12
5592, 95
5593, 19
5594, 70
5595, 87
5596, 2
5597, 23
5598, 36
5599, 55
5600, 16
5601, 56
5602, 54
5603, 8
5604, 35
5605, 46
5606, 65
5607, 76
5608, 98
5609, 19
5610, 1
5611, 61
5612, 4
5613, 98
5614, 90
5615, 39
5616, 43
5617, 20
5618, 27
5619, 54
5620, 26
5621, 52
5622, 42
5623, 2
5624, 98
5625, 48
5626, 47
5627, 26
5628, 82
5629, 79
5630, 29
5631, 81
5632, 32
5633, 29
5634, 44
5635, 9
5636, 24
5637, 97
5638, 72
5639, 77
5640, 31
5641, 67
5642, 76
5643, 12
5644, 59
5645, 43
5646, 30
5647, 11
5648, 41
5649, 30
5650, 32
5651, 33
5652, 38
5653, 6
5654, 21
5655, 76
5656, 86
5657, 73
5658, 19
5659, 71
5660, 6
5661, 13
5662, 5
5663, 59
5664, 60
5665, 81
5666, 58
5667, 19
5668, 21
5669, 45
5670, 92
5671, 96
5672, 71
5673, 99
5674, 36
5675, 6
5676, 2
5677, 91
5678, 5
5679, 79
5680, 15
5681, 80
5682, 52
5683, 96
5684, 49
5685, 75
5686, 46
5687, 42
5688, 67
5689, 14
5690, 90
5691, 92
5692, 66
5693, 82
5694, 53
5695, 8
5696, 70
5697, 8
5698, 90
5699, 85
5700, 66
5701, 64
5702, 90
5703, 27
5704, 40
5705, 54
5706, 47
5707, 25
5708, 63
5709, 41
5710, 17
5711, 70
5712, 93
5713, 87
5714, 0
5715, 30
5716, 62
5717, 20
5718, 93
5719, 74
5720, 41
5721, 67
5722, 27
5723, 60
5724, 14
5725, 33
5726, 92
5727, 90
5728, 29
5729, 18
5730, 8
5731, 72
5732, 59
5733, 92
5734, 51
5735, 38
5736, 30
5737, 21
5738, 37
5739, 98
5740, 58
5741, 2
5742, 73
5743, 76
5744, 31
5745, 46
5746, 82
5747, 42
5748, 93
5749, 53
5750, 63
5751, 20
5752, 55
5753, 12
5754, 76
5755, 5
5756, 43
5757, 60
5758, 19
5759, 83
5760, 25
5761, 69
5762, 95
5763, 71
5764, 19
5765, 15
5766, 8
5767, 22
5768, 89
5769, 32
5770, 5
5771, 29
5772, 57
5773, 60
5774, 18
5775, 53
5776, 27
5777, 13
5778, 98
5779, 40
5780, 78
5781, 61
5782, 35
5783, 51
5784, 80
5785, 10
5786, 0
5787, 91
5788, 55
5789, 48
5790, 70
5791, 77
5792, 18
5793, 83
5794, 61
5795, 78
5796, 96
5797, 95
5798, 27
5799, 42
5800, 91
5801, 73
5802, 49
5803, 99
5804, 94
5805, 95
5806, 21
5807, 94
5808, 63
5809, 10
5810, 50
5811, 86
5812, 95
5813, 63
5814, 19
5815, 1
5816, 32
5817, 94
5818, 1
5819, 48
5820, 9
5821, 56
5822, 75
5823, 60
5824, 34
5825, 48
5826, 68
5827, 13
5828, 45
5829, 18
5830, 38
5831, 17
5832, 10
5833, 21
5834, 94
5835, 78
5836, 68
5837, 41
5838, 49
5839, 45
5840, 70
5841, 53
5842, 96
5843, 63
5844, 46
5845, 99
5846, 16
5847, 78
5848, 93
5849, 31
5850, 21
5851, 46
5852, 84
5853, 58
5854, 39
5855, 18
5856, 25
5857, 50
5858, 61
5859, 44
5860, 96
5861, 9
5862, 67
5863, 78
5864, 4
5865, 35
5866, 40
5867, 93
5868, 81
5869, 65
5870, 33
5871, 12
5872, 9
5873, 25
5874, 79
5875, 88
5876, 28
5877, 24
5878, 81
5879, 40
5880, 42
5881, 98
5882, 59
5883, 22
5884, 29
5885, 39
5886, 18
5887, 73
5888, 13
5889, 69
5890, 34
5891, 13
5892, 53
5893, 24
5894, 22
5895, 14
5896, 46
5897, 18
5898, 67
5899, 53
5900, 23
5901, 64
5902, 36
5903, 30
5904, 0
5905, 7
5906, 92
5907, 80
5908, 79
5909, 51
5910, 7
5911, 6
5912, 93
5913, 73
5914, 90
5915, 91
5916, 41
5917, 74
5918, 51
5919, 18
5920, 77
5921, 55
5922, 73
5923, 2
5924, 96
5925, 14
5926, 23
5927, 1
5928, 93
5929, 77
5930, 48
5931, 46
5932, 70
5933, 98
5934, 81
5935, 81
5936, 99
5937, 54
5938, 59
5939, 71
5940, 77
5941, 32
5942, 4
5943, 49
5944, 6
5945, 3
5946, 96
5947, 67
5948, 92
5949, 73
5950, 78
5951, 9
5952, 82
5953, 2
5954, 74
5955, 95
5956, 46
5957, 91
5958, 58
5959, 34
5960, 44
5961, 16
5962, 69
5963, 13
5964, 61
5965, 3
5966, 73
5967, 89
5968, 89
5969, 96
5970, 23
5971, 0
5972, 59
5973, 22
5974, 24
5975, 10
5976, 7
5977, 51
5978, 21
5979, 59
5980, 36
5981, 85
5982, 75
5983, 2
5984, 92
5985, 96
5986, 21
5987, 21
5988, 47
5989, 48
5990, 67
5991, 55
5992, 85
5993, 64
5994, 65
5995, 21
5996, 49
5997, 14
5998, 24
5999, 43
6000, 20
6001, 45
6002, 94
6003, 19
6004, 20
6005, 80
6006, 21
6007, 41
6008, 40
6009, 40
6010, 76
6011, 71
6012, 46
6013, 79
6014, 25
6015, 90
6016, 67
6017, 21
6018, 38
6019, 83
6020, 6
6021, 89
6022, 35
6023, 14
6024, 26
6025, 84
6026, 50
6027, 26
6028, 12
6029, 56
6030, 89
6031, 93
6032, 35
6033, 84
6034, 96
6035, 33
6036, 47
6037, 2
6038, 45
6039, 59
6040, 64
6041, 56
6042, 4
6043, 19
6044, 39
6045, 8
6046, 80
6047, 59
6048, 73
6049, 93
6050, 59
6051, 63
6052, 89
6053, 67
6054, 43
6055, 68
6056, 31
6057, 96
6058, 20
6059, 67
6060, 28
6061, 7
6062, 4
6063, 79
6064, 53
6065, 63
6066, 3
6067, 29
6068, 41
6069, 22
6070, 21
6071, 8
6072, 14
6073, 25
6074, 68
6075, 93
6076, 78
6077, 90
6078, 44
6079, 79
6080, 37
6081, 99
6082, 21
6083, 29
6084, 24
6085, 6
6086, 14
6087, 72
6088, 61
6089, 94
6090, 7
6091, 82
6092, 91
6093, 24
6094, 65
6095, 96
6096, 55
6097, 57
6098, 32
6099, 54
6100, 94
6101, 53
6102, 92
6103, 94
6104, 75
6105, 79
6106, 83
6107, 62
6108, 14
6109, 47
6110, 8
6111, 8
6112, 7
6113, 53
6114, 84
6115, 69
6116, 75
6117, 72
6118, 78
6119, 57
6120, 75
6121, 92
6122, 81
6123, 68
6124, 15
6125, 2
6126, 8
6127, 81
6128, 28
6129, 74
6130, 7
6131, 43
6132, 3
6133, 80
6134, 77
6135, 55
6136, 68
6137, 70
6138, 69
6139, 44
6140, 6
6141, 82
6142, 99
6143, 21
6144, 11
6145, 70
6146, 64
6147, 59
6148, 94
6149, 54
6150, 11
6151, 97
6152, 21
6153, 34
6154, 4
6155, 70
6156, 51
6157, 25
6158, 42
6159, 44
6160, 46
6161, 1
6162, 55
6163, 18
6164, 22
6165, 35
6166, 75
6167, 9
6168, 52
6169, 22
6170, 72
6171, 53
6172, 42
6173, 87
6174, 78
6175, 45
6176, 84
6177, 25
6178, 1
6179, 67
6180, 72
6181, 7
6182, 67
6183, 45
6184, 45
6185, 72
6186, 31
6187, 77
6188, 96
6189, 85
6190, 91
6191, 24
6192, 98
6193, 1
6194, 33
6195, 80
6196, 25
6197, 18
6198, 88
6199, 3
6200, 60
6201, 46
6202, 64
6203, 3
6204, 48
6205, 77
6206, 3
6207, 22
6208, 24
6209, 50
6210, 34
6211, 8
6212, 73
6213, 9
6214, 16
6215, 54
6216, 71
6217, 4
6218, 85
6219, 84
6220, 50
6221, 79
6222, 3
6223, 74
6224, 40
6225, 10
6226, 31
6227, 23
6228, 47
6229, 59
6230, 45
6231, 89
6232, 35
6233, 31
6234, 49
6235, 80
6236, 19
6237, 1
6238, 5
6239, 6
6240, 6
6241, 56
6242, 57
6243, 91
6244, 44
6245, 93
6246, 12
6247, 83
6248, 33
6249, 14
6250, 5
6251, 97
6252, 33
6253, 11
6254, 29
6255, 24
6256, 63
6257, 23
6258, 14
6259, 4
6260, 10
6261, 23
6262, 31
6263, 48
6264, 31
6265, 91
6266, 96
6267, 35
6268, 80
6269, 91
6270, 16
6271, 55
6272, 16
6273, 29
6274, 32
6275, 62
6276, 38
6277, 16
6278, 58
6279, 54
6280, 70
6281, 26
6282, 93
6283, 29
6284, 28
6285, 27
6286, 15
6287, 32
6288, 34
6289, 19
6290, 50
6291, 74
6292, 71
6293, 67
6294, 98
6295, 40
6296, 47
6297, 68
6298, 87
6299, 51
6300, 36
6301, 27
6302, 32
6303, 75
6304, 59
6305, 82
6306, 52
6307, 38
6308, 57
6309, 78
6310, 68
6311, 81
6312, 17
6313, 46
6314, 72
6315, 51
6316, 92
6317, 5
6318, 40
6319, 55
6320, 39
6321, 77
6322, 29
6323, 50
6324, 23
6325, 49
6326, 5
6327, 51
6328, 91
6329, 9
6330, 52
6331, 50
6332, 32
6333, 24
6334, 19
6335, 47
6336, 56
6337, 50
6338, 40
6339, 58
6340, 76
6341, 0
6342, 63
6343, 53
6344, 99
6345, 89
6346, 40
6347, 66
6348, 9
6349, 37
6350, 27
6351, 77
6352, 69
6353, 61
6354, 10
6355, 87
6356, 10
6357, 30
6358, 23
6359, 22
6360, 10
6361, 2
6362, 14
6363, 41
6364, 79
6365, 92
6366, 71
6367, 63
6368, 99
6369, 6
6370, 95
6371, 98
6372, 31
6373, 61
6374, 13
6375, 14
6376, 42
6377, 54
6378, 43
6379, 50
6380, 88
6381, 81
6382, 82
6383, 61
6384, 52
6385, 73
6386, 64
6387, 27
6388, 46
6389, 38
6390, 81
6391, 33
6392, 55
6393, 12
6394, 59
6395, 27
6396, 94
6397, 92
6398, 95
6399, 54
6400, 30
6401, 53
6402, 64
6403, 22
6404, 66
6405, 70
6406, 55
6407, 26
6408, 5
6409, 86
6410, 40
6411, 97
6412, 8
6413, 99
6414, 96
6415, 85
6416, 49
6417, 62
6418, 7
6419, 93
6420, 37
6421, 59
6422, 32
6423, 31
6424, 89
6425, 49
6426, 64
6427, 93
6428, 47
6429, 91
6430, 37
6431, 92
6432, 42
6433, 11
6434, 35
6435, 59
6436, 93
6437, 10
6438, 19
6439, 84
6440, 98
6441, 3
6442, 59
6443, 75
6444, 17
6445, 6
6446, 55
6447, 13
6448, 11
6449, 89
6450, 76
6451, 85
6452, 5
6453, 40
6454, 64
6455, 84
6456, 92
6457, 82
6458, 8
6459, 40
6460, 67
6461, 81
6462, 57
6463, 92
6464, 59
6465, 60
6466, 54
6467, 48
6468, 82
6469, 87
6470, 76
6471, 51
6472, 1
6473, 98
6474, 37
6475, 57
6476, 87
6477, 74
6478, 62
6479, 4
6480, 91
6481, 97
6482, 38
6483, 70
6484, 32
6485, 47
6486, 66
6487, 44
6488, 92
6489, 59
6490, 71
6491, 19
6492, 17
6493, 80
6494, 21
6495, 59
6496, 73
6497, 12
6498, 87
6499, 56
6500, 81
6501, 0
6502, 62
6503, 74
6504, 41
6505, 55
6506, 35
6507, 47
6508, 40
6509, 32
6510, 34
6511, 25
6512, 12
6513, 50
6514, 24
6515, 24
6516, 23
6517, 89
6518, 5
6519, 15
6520, 60
6521, 90
6522, 99
6523, 81
6524, 70
6525, 15
6526, 19
6527, 3
6528, 68
6529, 42
6530, 76
6531, 76
6532, 4
6533, 32
6534, 53
6535, 31
6536, 46
6537, 58
6538, 11
6539, 11
6540, 80
6541, 9
6542, 41
6543, 63
6544, 56
6545, 3
6546, 45
6547, 87
6548, 67
6549, 88
6550, 37
6551, 83
6552, 74
6553, 92
6554, 98
6555, 11
6556, 29
6557, 14
6558, 57
6559, 73
6560, 64
6561, 62
6562, 98
6563, 55
6564, 12
6565, 95
6566, 3
6567, 8
6568, 76
6569, 82
6570, 96
6571, 11
6572, 63
6573, 28
6574, 50
6575, 89
6576, 97
6577, 98
6578, 40
6579, 63
6580, 32
6581, 92
6582, 86
6583, 48
6584, 55
6585, 89
6586, 41
6587, 51
6588, 96
6589, 82
6590, 72
6591, 23
6592, 52
6593, 72
6594, 80
6595, 0
6596, 17
6597, 73
6598, 32
6599, 78
6600, 85
6601, 75
6602, 98
6603, 0
6604, 86
6605, 31
6606, 95
6607, 11
6608, 99
6609, 54
6610, 88
6611, 77
6612, 77
6613, 78
6614, 75
6615, 10
6616, 53
6617, 30
6618, 11
6619, 3
6620, 28
6621, 0
6622, 2
6623, 66
6624, 41
6625, 19
6626, 99
6627, 56
6628, 73
6629, 57
6630, 0
6631, 57
6632, 53
6633, 16
6634, 64
6635, 82
6636, 37
6637, 43
6638, 27
6639, 24
6640, 44
6641, 44
6642, 6
6643, 41
6644, 87
6645, 48
6646, 70
6647, 81
6648, 0
6649, 39
6650, 78
6651, 73
6652, 43
6653, 14
6654, 44
6655, 46
6656, 38
6657, 61
6658, 14
6659, 55
6660, 86
6661, 61
6662, 54
6663, 76
6664, 47
6665, 97
6666, 21
6667, 43
6668, 50
6669, 49
6670, 50
6671, 49
6672, 99
6673, 49
6674, 9
6675, 71
6676, 1
6677, 52
6678, 25
6679, 41
6680, 8
6681, 91
6682, 0
6683, 27
6684, 53
6685, 23
6686, 23
6687, 24
6688, 0
6689, 2
6690, 39
6691, 48
6692, 74
6693, 19
6694, 38
6695, 34
6696, 50
6697, 31
6698, 97
6699, 71
6700, 9
6701, 52
6702, 46
6703, 44
6704, 88
6705, 84
6706, 7
6707, 62
6708, 74
6709, 95
6710, 42
6711, 78
6712, 93
6713, 63
6714, 25
6715, 21
6716, 75
6717, 19
6718, 93
6719, 92
6720, 32
6721, 69
6722, 98
6723, 35
6724, 81
6725, 63
6726, 12
6727, 59
6728, 85
6729, 61
6730, 50
6731, 1
6732, 18
6733, 32
6734, 54
6735, 75
6736, 23
6737, 71
6738, 34
6739, 84
6740, 35
6741, 23
6742, 94
6743, 14
6744, 2
6745, 47
6746, 58
6747, 10
6748, 22
6749, 35
6750, 55
6751, 2
6752, 63
6753, 83
6754, 55
6755, 55
6756, 21
6757, 31
6758, 84
6759, 88
6760, 1
6761, 88
6762, 32
6763, 59
6764, 47
6765, 44
6766, 59
6767, 1
6768, 7
6769, 20
6770, 87
6771, 91
6772, 75
6773, 34
6774, 55
6775, 55
6776, 42
6777, 75
6778, 19
6779, 67
6780, 0
6781, 55
6782, 5
6783, 56
6784, 54
6785, 70
6786, 45
6787, 17
6788, 7
6789, 12
6790, 36
6791, 90
6792, 67
6793, 20
6794, 18
6795, 18
6796, 56
6797, 86
6798, 16
6799, 85
6800, 94
6801, 34
6802, 13
6803, 46
6804, 30
6805, 2
6806, 24
6807, 13
6808, 84
6809, 3
6810, 7
6811, 33
6812, 56
6813, 63
6814, 13
6815, 16
6816, 49
6817, 73
6818, 20
6819, 69
6820, 53
6821, 22
6822, 74
6823, 7
6824, 34
6825, 78
6826, 44
6827, 75
6828, 16
6829, 62
6830, 51
6831, 53
6832, 94
6833, 44
6834, 85
6835, 67
6836, 8
6837, 91
6838, 87
6839, 29
6840, 37
6841, 71
6842, 85
6843, 72
6844, 11
6845, 4
6846, 36
6847, 68
6848, 22
6849, 7
6850, 47
6851, 20
6852, 27
6853, 52
6854, 12
6855, 60
6856, 36
6857, 91
6858, 26
6859, 98
6860, 36
6861, 95
6862, 38
6863, 1
6864, 24
6865, 28
6866, 41
6867, 98
6868, 7
6869, 20
6870, 47
6871, 6
6872, 99
6873, 72
6874, 13
6875, 41
6876, 59
6877, 11
6878, 0
6879, 84
6880, 25
6881, 70
6882, 98
6883, 62
6884, 55
6885, 47
6886, 7
6887, 30
6888, 83
6889, 86
6890, 79
6891, 37
6892, 4
6893, 80
6894, 34
6895, 21
6896, 41
6897, 44
6898, 45
6899, 78
6900, 52
6901, 9
6902, 49
6903, 67
6904, 36
6905, 86
6906, 78
6907, 96
6908, 20
6909, 9
6910, 41
6911, 6
6912, 90
6913, 2
6914, 75
6915, 94
6916, 40
6917, 31
6918, 11
6919, 7
6920, 92
6921, 83
6922, 35
6923, 52
6924, 38
6925, 93
6926, 5
6927, 97
6928, 4
6929, 33
6930, 7
6931, 9
6932, 62
6933, 75
6934, 31
6935, 19
6936, 75
6937, 21
6938, 42
6939, 16
6940, 15
6941, 9
6942, 29
6943, 97
6944, 75
6945, 48
6946, 75
6947, 37
6948, 72
6949, 73
6950, 24
6951, 18
6952, 54
6953, 37
6954, 39
6955, 58
6956, 83
6957, 52
6958, 80
6959, 98
6960, 94
6961, 98
6962, 55
6963, 75
6964, 35
6965, 29
6966, 63
6967, 21
6968, 82
6969, 78
6970, 72
6971, 98
6972, 97
6973, 5
6974, 67
6975, 22
6976, 76
6977, 33
6978, 85
6979, 92
6980, 37
6981, 12
6982, 7
6983, 13
6984, 62
6985, 67
6986, 31
6987, 96
6988, 0
6989, 58
6990, 70
6991, 24
6992, 71
6993, 6
6994, 16
6995, 85
6996, 7
6997, 74
6998, 31
6999, 27
7000, 71
7001, 85
7002, 21
7003, 41
7004, 63
7005, 91
7006, 87
7007, 78
7008, 59
7009, 48
7010, 11
7011, 15
7012, 2
7013, 38
7014, 76
7015, 44
7016, 1
7017, 77
7018, 46
7019, 49
7020, 67
7021, 69
7022, 6
7023, 26
7024, 20
7025, 36
7026, 78
7027, 19
7028, 68
7029, 70
7030, 38
7031, 98
7032, 93
7033, 61
7034, 73
7035, 42
7036, 38
7037, 58
7038, 35
7039, 74
7040, 34
7041, 63
7042, 35
7043, 9
7044, 67
7045, 71
7046, 68
7047, 71
7048, 67
7049, 85
7050, 4
7051, 12
7052, 6
7053, 86
7054, 88
7055, 64
7056, 26
7057, 54
7058, 26
7059, 31
7060, 19
7061, 15
7062, 98
7063, 61
7064, 65
7065, 3
7066, 80
7067, 84
7068, 81
7069, 37
7070, 7
7071, 35
7072, 43
7073, 96
7074, 24
7075, 7
7076, 9
7077, 27
7078, 24
7079, 31
7080, 93
7081, 79
7082, 23
7083, 4
7084, 15
7085, 83
7086, 40
7087, 69
7088, 97
7089, 58
7090, 97
7091, 94
7092, 87
7093, 17
7094, 80
7095, 0
7096, 36
7097, 18
7098, 99
7099, 51
7100, 85
7101, 8
7102, 31
7103, 28
7104, 8
7105, 48
7106, 55
7107, 37
7108, 23
7109, 45
7110, 45
7111, 34
7112, 29
7113, 44
7114, 61
7115, 15
7116, 30
7117, 92
7118, 6
7119, 14
7120, 54
7121, 15
7122, 57
7123, 70
7124, 85
7125, 83
7126, 42
7127, 88
7128, 17
7129, 5
7130, 24
7131, 23
7132, 38
7133, 41
7134, 48
7135, 67
7136, 55
7137, 93
7138, 91
7139, 48
7140, 8
7141, 32
7142, 81
7143, 27
7144, 37
7145, 93
7146, 51
7147, 3
7148, 33
7149, 6
7150, 65
7151, 50
7152, 55
7153, 10
7154, 99
7155, 17
7156, 13
7157, 26
7158, 71
7159, 79
7160, 46
7161, 95
7162, 66
7163, 57
7164, 70
7165, 77
7166, 68
7167, 69
7168, 23
7169, 88
7170, 91
7171, 53
7172, 34
7173, 47
7174, 7
7175, 68
7176, 65
7177, 33
7178, 71
7179, 94
7180, 19
7181, 22
7182, 45
7183, 37
7184, 43
7185, 48
7186, 21
7187, 41
7188, 1
7189, 71
7190, 41
7191, 64
7192, 90
7193, 6
7194, 11
7195, 35
7196, 11
7197, 36
7198, 50
7199, 30
7200, 40
7201, 94
7202, 36
7203, 32
7204, 17
7205, 71
7206, 57
7207, 41
7208, 80
7209, 39
7210, 92
7211, 67
7212, 81
7213, 7
7214, 1
7215, 81
7216, 30
7217, 73
7218, 32
7219, 22
7220, 19
7221, 62
7222, 85
7223, 95
7224, 99
7225, 40
7226, 15
7227, 93
7228, 33
7229, 40
7230, 90
7231, 16
7232, 19
7233, 25
7234, 41
7235, 53
7236, 12
7237, 45
7238, 98
7239, 39
7240, 97
7241, 2
7242, 70
7243, 38
7244, 26
7245, 41
7246, 27
7247, 51
7248, 58
7249, 9
7250, 49
7251, 23
7252, 13
7253, 90
7254, 80
7255, 91
7256, 56
7257, 37
7258, 97
7259, 42
7260, 83
7261, 25
7262, 59
7263, 97
7264, 29
7265, 7
7266, 5
7267, 68
7268, 35
7269, 6
7270, 18
7271, 65
7272, 28
7273, 55
7274, 38
7275, 41
7276, 8
7277, 91
7278, 65
7279, 16
7280, 49
7281, 88
7282, 26
7283, 44
7284, 13
7285, 55
7286, 15
7287, 71
7288, 82
7289, 29
7290, 16
7291, 2
7292, 65
7293, 18
7294, 14
7295, 55
7296, 14
7297, 74
7298, 19
7299, 60
7300, 36
7301, 46
7302, 70
7303, 69
7304, 96
7305, 84
7306, 37
7307, 81
7308, 46
7309, 47
7310, 11
7311, 79
7312, 91
7313, 62
7314, 20
7315, 34
7316, 77
7317, 34
7318, 55
7319, 86
7320, 3
7321, 11
7322, 86
7323, 56
7324, 27
7325, 76
7326, 36
7327, 51
7328, 6
7329, 20
7330, 7
7331, 89
7332, 12
7333, 87
7334, 3
7335, 7
7336, 98
7337, 87
7338, 75
7339, 85
7340, 61
7341, 19
7342, 86
7343, 94
7344, 27
7345, 96
7346, 63
7347, 28
7348, 5
7349, 28
7350, 69
7351, 11
7352, 14
7353, 96
7354, 89
7355, 33
7356, 20
7357, 51
7358, 62
7359, 77
7360, 68
7361, 88
7362, 67
7363, 48
7364, 30
7365, 16
7366, 37
7367, 45
7368, 90
7369, 57
7370, 56
7371, 11
7372, 41
7373, 74
7374, 86
7375, 46
7376, 6
7377, 65
7378, 23
7379, 20
7380, 95
7381, 69
7382, 27
7383, 27
7384, 79
7385, 19
7386, 74
7387, 1
7388, 83
7389, 72
7390, 98
7391, 8
7392, 24
7393, 3
7394, 40
7395, 89
7396, 35
7397, 69
7398, 25
7399, 91
7400, 24
7401, 51
7402, 1
7403, 18
7404, 3
7405, 57
7406, 65
7407, 89
7408, 70
7409, 13
7410, 82
7411, 44
7412, 53
7413, 80
7414, 4
7415, 6
7416, 95
7417, 84
7418, 11
7419, 28
7420, 70
7421, 20
7422, 94
7423, 61
7424, 41
7425, 12
7426, 87
7427, 64
7428, 14
7429, 20
7430, 37
7431, 31
7432, 4
7433, 88
7434, 26
7435, 74
7436, 16
7437, 46
7438, 99
7439, 72
7440, 79
7441, 65
7442, 73
7443, 47
7444, 33
7445, 50
7446, 89
7447, 21
7448, 29
7449, 84
7450, 68
7451, 61
7452, 93
7453, 88
7454, 91
7455, 41
7456, 49
7457, 18
7458, 24
7459, 86
7460, 8
7461, 67
7462, 79
7463, 7
7464, 56
7465, 4
7466, 11
7467, 74
7468, 7
7469, 33
7470, 91
7471, 57
7472, 13
7473, 11
7474, 46
7475, 20
7476, 11
7477, 4
7478, 46
7479, 39
7480, 82
7481, 83
7482, 37
7483, 27
7484, 73
7485, 86
7486, 47
7487, 83
7488, 10
7489, 86
7490, 94
7491, 88
7492, 41
7493, 79
7494, 66
7495, 44
7496, 96
7497, 48
7498, 95
7499, 62
7500, 23
7501, 14
7502, 92
7503, 66
7504, 46
7505, 71
7506, 48
7507, 33
7508, 7
7509, 48
7510, 56
7511, 59
7512, 37
7513, 43
7514, 30
7515, 16
7516, 45
7517, 69
7518, 66
7519, 76
7520, 18
7521, 92
7522, 94
7523, 40
7524, 56
7525, 73
7526, 42
7527, 74
7528, 60
7529, 40
7530, 88
7531, 31
7532, 55
7533, 51
7534, 40
7535, 45
7536, 58
7537, 48
7538, 96
7539, 70
7540, 3
7541, 14
7542, 66
7543, 97
7544, 76
7545, 9
7546, 45
7547, 16
7548, 55
7549, 26
7550, 23
7551, 74
7552, 80
7553, 70
7554, 60
7555, 63
7556, 75
7557, 33
7558, 73
7559, 4
7560, 96
7561, 56
7562, 36
7563, 46
7564, 6
7565, 77
7566, 46
7567, 15
7568, 94
7569, 92
7570, 81
7571, 81
7572, 8
7573, 86
7574, 78
7575, 91
7576, 21
7577, 84
7578, 8
7579, 12
7580, 38
7581, 91
7582, 96
7583, 61
7584, 20
7585, 2
7586, 36
7587, 9
7588, 76
7589, 0
7590, 79
7591, 72
7592, 72
7593, 44
7594, 46
7595, 9
7596, 25
7597, 42
7598, 64
7599, 17
7600, 99
7601, 20
7602, 93
7603, 72
7604, 72
7605, 3
7606, 63
7607, 23
7608, 97
7609, 28
7610, 18
7611, 43
7612, 79
7613, 25
7614, 96
7615, 66
7616, 15
7617, 92
7618, 22
7619, 20
7620, 72
7621, 51
7622, 93
7623, 72
7624, 14
7625, 66
7626, 93
7627, 2
7628, 83
7629, 7
7630, 33
7631, 39
7632, 51
7633, 29
7634, 68
7635, 43
7636, 15
7637, 57
7638, 16
7639, 32
7640, 50
7641, 65
7642, 90
7643, 65
7644, 22
7645, 96
7646, 55
7647, 76
7648, 57
7649, 90
7650, 57
7651, 50
7652, 51
7653, 12
7654, 64
7655, 42
7656, 92
7657, 6
7658, 32
7659, 15
7660, 91
7661, 98
7662, 7
7663, 22
7664, 46
7665, 90
7666, 31
7667, 60
7668, 47
7669, 29
7670, 32
7671, 83
7672, 16
7673, 71
7674, 72
7675, 57
7676, 26
7677, 31
7678, 28
7679, 9
7680, 23
7681, 85
7682, 86
7683, 66
7684, 57
7685, 27
7686, 71
7687, 97
7688, 47
7689, 53
7690, 7
7691, 4
7692, 35
7693, 47
7694, 51
7695, 76
7696, 11
7697, 24
7698, 55
7699, 75
7700, 36
7701, 45
7702, 77
7703, 63
7704, 46
7705, 86
7706, 31
7707, 2
7708, 22
7709, 45
7710, 28
7711, 87
7712, 86
7713, 34
7714, 96
7715, 24
7716, 54
7717, 11
7718, 84
7719, 99
7720, 62
7721, 38
7722, 18
7723, 43
7724, 89
7725, 1
7726, 37
7727, 8
7728, 56
7729, 29
7730, 39
7731, 68
7732, 20
7733, 63
7734, 31
7735, 88
7736, 81
7737, 97
7738, 22
7739, 14
7740, 88
7741, 96
7742, 30
7743, 23
7744, 36
7745, 59
7746, 0
7747, 9
7748, 4
7749, 67
7750, 57
7751, 14
7752, 29
7753, 10
7754, 81
7755, 9
7756, 4
7757, 14
7758, 67
7759, 13
7760, 52
7761, 38
7762, 68
7763, 91
7764, 36
7765, 59
7766, 61
7767, 97
7768, 70
7769, 74
7770, 44
7771, 67
7772, 2
7773, 12
7774, 66
7775, 37
7776, 34
7777, 17
7778, 60
7779, 82
7780, 60
7781, 8
7782, 32
7783, 61
7784, 35
7785, 54
7786, 8
7787, 7
7788, 97
7789, 94
7790, 27
7791, 7
7792, 11
7793, 86
7794, 29
7795, 15
7796, 89
7797, 17
7798, 36
7799, 42
7800, 75
7801, 33
7802, 11
7803, 24
7804, 67
7805, 6
7806, 42
7807, 4
7808, 45
7809, 85
7810, 66
7811, 37
7812, 50
7813, 89
7814, 64
7815, 19
7816, 80
7817, 64
7818, 34
7819, 0
7820, 84
7821, 56
7822, 5
7823, 2
7824, 34
7825, 55
7826, 31
7827, 51
7828, 52
7829, 63
7830, 91
7831, 20
7832, 35
7833, 94
7834, 64
7835, 15
7836, 27
7837, 59
7838, 14
7839, 60
7840, 78
7841, 18
7842, 99
7843, 87
7844, 40
7845, 85
7846, 54
7847, 0
7848, 44
7849, 61
7850, 85
7851, 45
7852, 5
7853, 82
7854, 36
7855, 8
7856, 49
7857, 18
7858, 23
7859, 93
7860, 55
7861, 23
7862, 79
7863, 37
7864, 0
7865, 96
7866, 46
7867, 6
7868, 82
7869, 6
7870, 58
7871, 4
7872, 46
7873, 92
7874, 41
7875, 51
7876, 2
7877, 50
7878, 69
7879, 98
7880, 23
7881, 13
7882, 64
7883, 17
7884, 53
7885, 44
7886, 2
7887, 5
7888, 56
7889, 89
7890, 56
7891, 85
7892, 86
7893, 74
7894, 24
7895, 94
7896, 73
7897, 99
7898, 52
7899, 10
7900, 77
7901, 78
7902, 23
7903, 65
7904, 15
7905, 66
7906, 3
7907, 29
7908, 92
7909, 34
7910, 48
7911, 94
7912, 53
7913, 70
7914, 50
7915, 98
7916, 86
7917, 79
7918, 53
7919, 53
7920, 12
7921, 17
7922, 80
7923, 60
7924, 89
7925, 13
7926, 81
7927, 33
7928, 53
7929, 65
7930, 73
7931, 8
7932, 70
7933, 44
7934, 44
7935, 46
7936, 56
7937, 92
7938, 13
7939, 36
7940, 0
7941, 28
7942, 34
7943, 5
7944, 63
7945, 50
7946, 4
7947, 41
7948, 92
7949, 94
7950, 22
7951, 88
7952, 76
7953, 10
7954, 98
7955, 62
7956, 3
7957, 66
7958, 94
7959, 13
7960, 58
7961, 2
7962, 94
7963, 21
7964, 29
7965, 23
7966, 9
7967, 63
7968, 65
7969, 41
7970, 81
7971, 3
7972, 5
7973, 61
7974, 35
7975, 5
7976, 58
7977, 10
7978, 3
7979, 74
7980, 22
7981, 56
7982, 46
7983, 75
7984, 30
7985, 70
7986, 26
7987, 31
7988, 61
7989, 14
7990, 11
7991, 45
7992, 81
7993, 78
7994, 93
7995, 31
7996, 74
7997, 56
7998, 38
7999, 63
8000, 55
8001, 1
8002, 6
8003, 93
8004, 20
8005, 35
8006, 15
8007, 71
8008, 7
8009, 56
8010, 40
8011, 21
8012, 89
8013, 27
8014, 47
8015, 58
8016, 34
8017, 21
8018, 36
8019, 88
8020, 89
8021, 76
8022, 56
8023, 82
8024, 18
8025, 27
8026, 36
8027, 96
8028, 40
8029, 94
8030, 83
8031, 83
8032, 82
8033, 41
8034, 85
8035, 67
8036, 25
8037, 3
8038, 17
8039, 13
8040, 50
8041, 29
8042, 25
8043, 21
8044, 28
8045, 94
8046, 12
8047, 92
8048, 47
8049, 95
8050, 83
8051, 84
8052, 24
8053, 16
8054, 34
8055, 46
8056, 63
8057, 13
8058, 94
8059, 87
8060, 42
8061, 56
8062, 8
8063, 64
8064, 98
8065, 20
8066, 32
8067, 33
8068, 99
8069, 16
8070, 40
8071, 87
8072, 2
8073, 62
8074, 76
8075, 27
8076, 69
8077, 3
8078, 37
8079, 69
8080, 33
8081, 12
8082, 65
8083, 30
8084, 53
8085, 96
8086, 52
8087, 10
8088, 57
8089, 17
8090, 36
8091, 90
8092, 1
8093, 84
8094, 50
8095, 66
8096, 65
8097, 88
8098, 36
8099, 9
8100, 23
8101, 35
8102, 86
8103, 75
8104, 73
8105, 20
8106, 71
8107, 27
8108, 51
8109, 54
8110, 91
8111, 46
8112, 52
8113, 52
8114, 58
8115, 17
8116, 3
8117, 54
8118, 2
8119, 71
8120, 95
8121, 0
8122, 26
8123, 11
8124, 43
8125, 66
8126, 62
8127, 28
8128, 56
8129, 51
8130, 37
8131, 64
8132, 51
8133, 0
8134, 13
8135, 53
8136, 76
8137, 17
8138, 11
8139, 47
8140, 75
8141, 35
8142, 30
8143, 25
8144, 23
8145, 4
8146, 73
8147, 87
8148, 60
8149, 49
8150, 94
8151, 64
8152, 87
8153, 32
8154, 15
8155, 1
8156, 85
8157, 17
8158, 63
8159, 27
8160, 92
8161, 96
8162, 48
8163, 85
8164, 61
8165, 11
8166, 99
8167, 55
8168, 97
8169, 58
8170, 26
8171, 16
8172, 5
8173, 73
8174, 31
8175, 68
8176, 26
8177, 7
8178, 3
8179, 57
8180, 69
8181, 41
8182, 81
8183, 98
8184, 22
8185, 0
8186, 45
8187, 14
8188, 58
8189, 96
8190, 52
8191, 67
8192, 65
8193, 28
8194, 41
8195, 89
8196, 56
8197, 86
8198, 85
8199, 76
8200, 78
8201, 59
8202, 18
8203, 41
8204, 7
8205, 69
8206, 91
8207, 29
8208, 48
8209, 86
8210, 11
8211, 52
8212, 12
8213, 7
8214, 14
8215, 2
8216, 16
8217, 44
8218, 33
8219, 73
8220, 46
8221, 23
8222, 30
8223, 48
8224, 33
8225, 28
8226, 74
8227, 90
8228, 46
8229, 92
8230, 30
8231, 49
8232, 39
8233, 64
8234, 28
8235, 2
8236, 43
8237, 23
8238, 29
8239, 34
8240, 11
8241, 86
8242, 24
8243, 23
8244, 20
8245, 60
8246, 90
8247, 51
8248, 19
8249, 55
8250, 25
8251, 39
8252, 55
8253, 28
8254, 76
8255, 2
8256, 78
8257, 19
8258, 39
8259, 42
8260, 12
8261, 99
8262, 96
8263, 61
8264, 60
8265, 16
8266, 9
8267, 99
8268, 66
8269, 66
8270, 21
8271, 14
8272, 62
8273, 19
8274, 70
8275, 7
8276, 73
8277, 48
8278, 44
8279, 34
8280, 59
8281, 17
8282, 24
8283, 36
8284, 28
8285, 43
8286, 47
8287, 36
8288, 36
8289, 88
8290, 86
8291, 44
8292, 77
8293, 30
8294, 92
8295, 29
8296, 91
8297, 61
8298, 83
8299, 74
8300, 89
8301, 75
8302, 95
8303, 66
8304, 98
8305, 50
8306, 58
8307, 20
8308, 71
8309, 9
8310, 19
8311, 78
8312, 82
8313, 16
8314, 88
8315, 97
8316, 67
8317, 59
8318, 86
8319, 13
8320, 95
8321, 84
8322, 69
8323, 13
8324, 7
8325, 14
8326, 47
8327, 46
8328, 69
8329, 84
8330, 12
8331, 22
8332, 96
8333, 34
8334, 51
8335, 87
8336, 5
8337, 64
8338, 30
8339, 37
8340, 41
8341, 45
8342, 84
8343, 99
8344, 26
8345, 76
8346, 18
8347, 9
8348, 87
8349, 94
8350, 79
8351, 82
8352, 21
8353, 72
8354, 41
8355, 3
8356, 44
8357, 52
8358, 36
8359, 0
8360, 44
8361, 75
8362, 61
8363, 39
8364, 60
8365, 4
8366, 50
8367, 5
8368, 78
8369, 35
8370, 67
8371, 12
8372, 44
8373, 6
8374, 57
8375, 6
8376, 65
8377, 55
8378, 10
8379, 49
8380, 17
8381, 97
8382, 34
8383, 1
8384, 29
8385, 51
8386, 38
8387, 41
8388, 25
8389, 21
8390, 66
8391, 21
8392, 56
8393, 52
8394, 40
8395, 21
8396, 81
8397, 58
8398, 96
8399, 23
8400, 88
8401, 96
8402, 71
8403, 50
8404, 6
8405, 69
8406, 91
8407, 87
8408, 41
8409, 18
8410, 35
8411, 90
8412, 72
8413, 52
8414, 66
8415, 13
8416, 8
8417, 93
8418, 19
8419, 36
8420, 51
8421, 68
8422, 14
8423, 43
8424, 61
8425, 97
8426, 95
8427, 76
8428, 13
8429, 99
8430, 71
8431, 52
8432, 81
8433, 76
8434, 77
8435, 19
8436, 16
8437, 24
8438, 19
8439, 87
8440, 75
8441, 16
8442, 31
8443, 64
8444, 78
8445, 90
8446, 55
8447, 17
8448, 5
8449, 31
8450, 48
8451, 80
8452, 20
8453, 9
8454, 71
8455, 42
8456, 24
8457, 85
8458, 24
8459, 73
8460, 8
8461, 38
8462, 74
8463, 53
8464, 21
8465, 67
8466, 0
8467, 40
8468, 56
8469, 62
8470, 31
8471, 92
8472, 15
8473, 75
8474, 48
8475, 15
8476, 67
8477, 68
8478, 19
8479, 41
8480, 90
8481, 70
8482, 53
8483, 45
8484, 72
8485, 50
8486, 13
8487, 28
8488, 57
8489, 84
8490, 53
8491, 59
8492, 70
8493, 56
8494, 46
8495, 20
8496, 22
8497, 2
8498, 0
8499, 10
8500, 3
8501, 76
8502, 55
8503, 8
8504, 49
8505, 91
8506, 60
8507, 86
8508, 81
8509, 11
8510, 21
8511, 98
8512, 38
8513, 43
8514, 8
8515, 66
8516, 40
8517, 5
8518, 74
8519, 44
8520, 41
8521, 32
8522, 62
8523, 36
8524, 96
8525, 2
8526, 90
8527, 44
8528, 14
8529, 36
8530, 89
8531, 5
8532, 53
8533, 42
8534, 17
8535, 19
8536, 94
8537, 71
8538, 45
8539, 59
8540, 4
8541, 21
8542, 23
8543, 52
8544, 61
8545, 0
8546, 74
8547, 34
8548, 12
8549, 31
8550, 14
8551, 81
8552, 38
8553, 0
8554, 80
8555, 97
8556, 11
8557, 41
8558, 9
8559, 25
8560, 6
8561, 26
8562, 85
8563, 47
8564, 56
8565, 51
8566, 9
8567, 46
8568, 37
8569, 35
8570, 81
8571, 38
8572, 29
8573, 41
8574, 54
8575, 69
8576, 73
8577, 88
8578, 34
8579, 55
8580, 70
8581, 14
8582, 89
8583, 20
8584, 18
8585, 7
8586, 12
8587, 66
8588, 52
8589, 54
8590, 74
8591, 51
8592, 1
8593, 24
8594, 68
8595, 0
8596, 51
8597, 90
8598, 6
8599, 37
8600, 46
8601, 52
8602, 66
8603, 60
8604, 5
8605, 69
8606, 32
8607, 8
8608, 23
8609, 94
8610, 32
8611, 12
8612, 30
8613, 41
8614, 40
8615, 10
8616, 65
8617, 85
8618, 72
8619, 19
8620, 36
8621, 84
8622, 18
8623, 9
8624, 33
8625, 87
8626, 68
8627, 57
8628, 59
8629, 74
8630, 90
8631, 46
8632, 51
8633, 23
8634, 10
8635, 67
8636, 58
8637, 95
8638, 88
8639, 0
8640, 35
8641, 73
8642, 44
8643, 75
8644, 88
8645, 72
8646, 66
8647, 66
8648, 25
8649, 81
8650, 83
8651, 55
8652, 10
8653, 39
8654, 53
8655, 37
8656, 36
8657, 98
8658, 85
8659, 74
8660, 43
8661, 15
8662, 41
8663, 25
8664, 89
8665, 38
8666, 37
8667, 94
8668, 61
8669, 4
8670, 29
8671, 40
8672, 18
8673, 21
8674, 85
8675, 81
8676, 2
8677, 77
8678, 19
8679, 79
8680, 61
8681, 96
8682, 22
8683, 23
8684, 17
8685, 6
8686, 27
8687, 0
8688, 85
8689, 90
8690, 1
8691, 93
8692, 22
8693, 96
8694, 0
8695, 90
8696, 13
8697, 29
8698, 39
8699, 43
8700, 5
8701, 66
8702, 17
8703, 33
8704, 64
8705, 68
8706, 59
8707, 51
8708, 45
8709, 70
8710, 1
8711, 25
8712, 28
8713, 6
8714, 4
8715, 72
8716, 8
8717, 24
8718, 2
8719, 18
8720, 1
8721, 72
8722, 51
8723, 0
8724, 28
8725, 3
8726, 13
8727, 36
8728, 2
8729, 34
8730, 98
8731, 83
8732, 59
8733, 7
8734, 96
8735, 81
8736, 42
8737, 98
8738, 3
8739, 76
8740, 74
8741, 44
8742, 69
8743, 89
8744, 78
8745, 48
8746, 34
8747, 46
8748, 90
8749, 25
8750, 83
8751, 75
8752, 15
8753, 64
8754, 1
8755, 67
8756, 73
8757, 48
8758, 53
8759, 88
8760, 61
8761, 4
8762, 12
8763, 90
8764, 87
8765, 18
8766, 81
8767, 12
8768, 93
8769, 72
8770, 94
8771, 47
8772, 39
8773, 13
8774, 92
8775, 4
8776, 9
8777, 67
8778, 24
8779, 88
8780, 84
8781, 32
8782, 92
8783, 73
8784, 53
8785, 94
8786, 54
8787, 50
8788, 6
8789, 38
8790, 69
8791, 95
8792, 90
8793, 13
8794, 7
8795, 78
8796, 21
8797, 66
8798, 34
8799, 8
8800, 91
8801, 28
8802, 63
8803, 73
8804, 99
8805, 15
8806, 73
8807, 54
8808, 84
8809, 78
8810, 95
8811, 33
8812, 45
8813, 77
8814, 16
8815, 62
8816, 5
8817, 81
8818, 41
8819, 30
8820, 90
8821, 60
8822, 0
8823, 82
8824, 34
8825, 47
8826, 55
8827, 70
8828, 90
8829, 8
8830, 27
8831, 54
8832, 41
8833, 47
8834, 37
8835, 51
8836, 83
8837, 92
8838, 78
8839, 37
8840, 37
8841, 88
8842, 65
8843, 37
8844, 96
8845, 11
8846, 26
8847, 78
8848, 32
8849, 85
8850, 59
8851, 86
8852, 60
8853, 8
8854, 14
8855, 86
8856, 53
8857, 27
8858, 79
8859, 10
8860, 82
8861, 2
8862, 8
8863, 29
8864, 0
8865, 32
8866, 60
8867, 99
8868, 61
8869, 98
8870, 58
8871, 95
8872, 55
8873, 69
8874, 34
8875, 29
8876, 73
8877, 58
8878, 73
8879, 85
8880, 62
8881, 62
8882, 42
8883, 49
8884, 66
8885, 54
8886, 61
8887, 85
8888, 71
8889, 68
8890, 57
8891, 4
8892, 43
8893, 44
8894, 96
8895, 4
8896, 88
8897, 63
8898, 83
8899, 8
8900, 4
8901, 16
8902, 95
8903, 28
8904, 17
8905, 15
8906, 97
8907, 22
8908, 38
8909, 81
8910, 69
8911, 32
8912, 80
8913, 33
8914, 11
8915, 30
8916, 26
8917, 23
8918, 41
8919, 51
8920, 56
8921, 71
8922, 40
8923, 32
8924, 78
8925, 37
8926, 57
8927, 46
8928, 34
8929, 27
8930, 98
8931, 73
8932, 77
8933, 33
8934, 9
8935, 68
8936, 35
8937, 9
8938, 10
8939, 37
8940, 17
8941, 26
8942, 58
8943, 76
8944, 78
8945, 26
8946, 45
8947, 33
8948, 51
8949, 77
8950, 43
8951, 71
8952, 85
8953, 22
8954, 24
8955, 15
8956, 27
8957, 61
8958, 99
8959, 24
8960, 79
8961, 94
8962, 59
8963, 11
8964, 13
8965, 79
8966, 32
8967, 94
8968, 88
8969, 0
8970, 23
8971, 21
8972, 0
8973, 8
8974, 54
8975, 92
8976, 48
8977, 3
8978, 84
8979, 20
8980, 12
8981, 15
8982, 53
8983, 18
8984, 58
8985, 13
8986, 61
8987, 18
8988, 85
8989, 78
8990, 69
8991, 15
8992, 97
8993, 69
8994, 75
8995, 48
8996, 32
8997, 56
8998, 96
8999, 40
9000, 27
9001, 7
9002, 23
9003, 36
9004, 75
9005, 38
9006, 32
9007, 60
9008, 97
9009, 38
9010, 85
9011, 35
9012, 99
9013, 94
9014, 20
9015, 55
9016, 27
9017, 17
9018, 83
9019, 16
9020, 70
9021, 70
9022, 45
9023, 82
9024, 65
9025, 59
9026, 10
9027, 26
9028, 75
9029, 14
9030, 40
9031, 92
9032, 51
9033, 95
9034, 42
9035, 72
9036, 20
9037, 98
9038, 10
9039, 9
9040, 91
9041, 13
9042, 97
9043, 1
9044, 11
9045, 65
9046, 57
9047, 52
9048, 2
9049, 37
9050, 52
9051, 58
9052, 24
9053, 22
9054, 74
9055, 24
9056, 54
9057, 15
9058, 50
9059, 15
9060, 26
9061, 3
9062, 55
9063, 80
9064, 94
9065, 45
9066, 21
9067, 66
9068, 59
9069, 82
9070, 91
9071, 87
9072, 93
9073, 24
9074, 76
9075, 87
9076, 56
9077, 23
9078, 43
9079, 89
9080, 27
9081, 66
9082, 94
9083, 4
9084, 81
9085, 39
9086, 18
9087, 73
9088, 22
9089, 54
9090, 35
9091, 0
9092, 53
9093, 64
9094, 3
9095, 52
9096, 0
9097, 6
9098, 24
9099, 98
9100, 86
9101, 51
9102, 56
9103, 78
9104, 54
9105, 39
9106, 28
9107, 54
9108, 1
9109, 96
9110, 6
9111, 77
9112, 89
9113, 49
9114, 61
9115, 79
9116, 23
9117, 8
9118, 84
9119, 58
9120, 16
9121, 9
9122, 44
9123, 73
9124, 51
9125, 60
9126, 16
9127, 43
9128, 77
9129, 28
9130, 91
9131, 35
9132, 47
9133, 70
9134, 22
9135, 95
9136, 33
9137, 35
9138, 69
9139, 86
9140, 74
9141, 36
9142, 99
9143, 29
9144, 17
9145, 29
9146, 6
9147, 38
9148, 31
9149, 58
9150, 9
9151, 62
9152, 49
9153, 86
9154, 6
9155, 55
9156, 73
9157, 6
9158, 53
9159, 15
9160, 29
9161, 40
9162, 10
9163, 87
9164, 20
9165, 34
9166, 72
9167, 4
9168, 67
9169, 15
9170, 57
9171, 35
9172, 50
9173, 40
9174, 91
9175, 33
9176, 48
9177, 92
9178, 57
9179, 56
9180, 45
9181, 91
9182, 71
9183, 35
9184, 1
9185, 39
9186, 86
9187, 92
9188, 15
9189, 1
9190, 24
9191, 5
9192, 63
9193, 17
9194, 53
9195, 70
9196, 62
9197, 43
9198, 33
9199, 61
9200, 38
9201, 47
9202, 83
9203, 96
9204, 33
9205, 70
9206, 66
9207, 40
9208, 25
9209, 60
9210, 1
9211, 48
9212, 43
9213, 31
9214, 7
9215, 5
9216, 98
9217, 40
9218, 46
9219, 41
9220, 64
9221, 78
9222, 50
9223, 14
9224, 95
9225, 91
9226, 48
9227, 95
9228, 17
9229, 51
9230, 64
9231, 58
9232, 3
9233, 96
9234, 30
9235, 78
9236, 14
9237, 34
9238, 97
9239, 56
9240, 84
9241, 74
9242, 78
9243, 62
9244, 28
9245, 10
9246, 10
9247, 6
9248, 65
9249, 77
9250, 0
9251, 7
9252, 41
9253, 47
9254, 86
9255, 87
9256, 71
9257, 78
9258, 3
9259, 38
9260, 14
9261, 45
9262, 3
9263, 47
9264, 73
9265, 96
9266, 50
9267, 95
9268, 13
9269, 53
9270, 25
9271, 51
9272, 37
9273, 65
9274, 63
9275, 54
9276, 0
9277, 61
9278, 46
9279, 13
9280, 62
9281, 80
9282, 87
9283, 94
9284, 54
9285, 74
9286, 73
9287, 63
9288, 3
9289, 34
9290, 62
9291, 20
9292, 80
9293, 0
9294, 39
9295, 37
9296, 11
9297, 10
9298, 18
9299, 49
9300, 41
9301, 70
9302, 0
9303, 97
9304, 79
9305, 66
9306, 10
9307, 56
9308, 91
9309, 93
9310, 94
9311, 25
9312, 33
9313, 14
9314, 63
9315, 46
9316, 63
9317, 66
9318, 50
9319, 21
9320, 35
9321, 29
9322, 21
9323, 83
9324, 92
9325, 38
9326, 52
9327, 23
9328, 97
9329, 15
9330, 51
9331, 64
9332, 23
9333, 41
9334, 0
9335, 15
9336, 8
9337, 57
9338, 37
9339, 86
9340, 37
9341, 77
9342, 77
9343, 39
9344, 24
9345, 87
9346, 81
9347, 41
9348, 80
9349, 51
9350, 48
9351, 23
9352, 31
9353, 32
9354, 27
9355, 76
9356, 14
9357, 31
9358, 53
9359, 88
9360, 99
9361, 28
9362, 15
9363, 97
9364, 58
9365, 8
9366, 97
9367, 74
9368, 85
9369, 58
9370, 52
9371, 20
9372, 50
9373, 85
9374, 73
9375, 52
9376, 76
9377, 10
9378, 75
9379, 16
9380, 75
9381, 70
9382, 42
9383, 33
9384, 49
9385, 99
9386, 92
9387, 98
9388, 48
9389, 86
9390, 51
9391, 87
9392, 87
9393, 58
9394, 66
9395, 59
9396, 36
9397, 45
9398, 35
9399, 17
9400, 0
9401, 83
9402, 41
9403, 50
9404, 41
9405, 48
9406, 87
9407, 91
9408, 72
9409, 6
9410, 37
9411, 41
9412, 37
9413, 6
9414, 36
9415, 24
9416, 86
9417, 25
9418, 70
9419, 71
9420, 13
9421, 19
9422, 74
9423, 72
9424, 42
9425, 1
9426, 19
9427, 45
9428, 0
9429, 81
9430, 25
9431, 58
9432, 0
9433, 28
9434, 46
9435, 7
9436, 26
9437, 46
9438, 2
9439, 91
9440, 9
9441, 4
9442, 94
9443, 87
9444, 9
9445, 90
9446, 78
9447, 52
9448, 24
9449, 64
9450, 80
9451, 62
9452, 0
9453, 33
9454, 63
9455, 98
9456, 99
9457, 70
9458, 62
9459, 89
9460, 99
9461, 3
9462, 59
9463, 9
9464, 44
9465, 39
9466, 78
9467, 34
9468, 99
9469, 34
9470, 83
9471, 55
9472, 90
9473, 15
9474, 32
9475, 90
9476, 50
9477, 57
9478, 14
9479, 81
9480, 68
9481, 85
9482, 95
9483, 67
9484, 17
9485, 60
9486, 72
9487, 40
9488, 29
9489, 50
9490, 98
9491, 0
9492, 16
9493, 29
9494, 11
9495, 37
9496, 56
9497, 10
9498, 58
9499, 28
9500, 93
9501, 30
9502, 95
9503, 79
9504, 98
9505, 15
9506, 56
9507, 12
9508, 76
9509, 20
9510, 34
9511, 66
9512, 51
9513, 46
9514, 96
9515, 96
9516, 13
9517, 27
9518, 63
9519, 14
9520, 32
9521, 11
9522, 54
9523, 84
9524, 70
9525, 64
9526, 67
9527, 59
9528, 1
9529, 79
9530, 8
9531, 36
9532, 1
9533, 5
9534, 12
9535, 6
9536, 46
9537, 0
9538, 62
9539, 82
9540, 17
9541, 50
9542, 96
9543, 54
9544, 81
9545, 9
9546, 98
9547, 55
9548, 72
9549, 45
9550, 49
9551, 22
9552, 64
9553, 14
9554, 30
9555, 22
9556, 76
9557, 90
9558, 36
9559, 92
9560, 69
9561, 24
9562, 84
9563, 6
9564, 83
9565, 93
9566, 94
9567, 15
9568, 78
9569, 1
9570, 34
9571, 99
9572, 37
9573, 68
9574, 30
9575, 41
9576, 74
9577, 56
9578, 31
9579, 89
9580, 25
9581, 76
9582, 76
9583, 2
9584, 4
9585, 96
9586, 47
9587, 73
9588, 61
9589, 75
9590, 17
9591, 23
9592, 7
9593, 49
9594, 68
9595, 63
9596, 92
9597, 21
9598, 58
9599, 88
9600, 7
9601, 62
9602, 40
9603, 87
9604, 76
9605, 27
9606, 2
9607, 22
9608, 6
9609, 32
9610, 36
9611, 6
9612, 35
9613, 92
9614, 31
9615, 80
9616, 72
9617, 53
9618, 46
9619, 73
9620, 39
9621, 62
9622, 60
9623, 50
9624, 57
9625, 93
9626, 9
9627, 46
9628, 98
9629, 78
9630, 76
9631, 12
9632, 91
9633, 92
9634, 2
9635, 35
9636, 19
9637, 91
9638, 30
9639, 61
9640, 72
9641, 90
9642, 8
9643, 80
9644, 68
9645, 62
9646, 34
9647, 9
9648, 68
9649, 3
9650, 39
9651, 22
9652, 57
9653, 16
9654, 68
9655, 82
9656, 21
9657, 63
9658, 78
9659, 25
9660, 91
9661, 56
9662, 95
9663, 17
9664, 56
9665, 7
9666, 3
9667, 80
9668, 25
9669, 10
9670, 76
9671, 69
9672, 94
9673, 20
9674, 50
9675, 97
9676, 42
9677, 62
9678, 89
9679, 70
9680, 74
9681, 65
9682, 11
9683, 65
9684, 90
9685, 67
9686, 44
9687, 41
9688, 88
9689, 81
9690, 71
9691, 19
9692, 33
9693, 67
9694, 1
9695, 19
9696, 46
9697, 36
9698, 14
9699, 34
9700, 56
9701, 90
9702, 29
9703, 32
9704, 66
9705, 50
9706, 93
9707, 29
9708, 83
9709, 38
9710, 44
9711, 86
9712, 22
9713, 48
9714, 92
9715, 23
9716, 96
9717, 59
9718, 7
9719, 83
9720, 98
9721, 88
9722, 71
9723, 11
9724, 68
9725, 66
9726, 59
9727, 47
9728, 81
9729, 72
9730, 72
9731, 61
9732, 62
9733, 1
9734, 58
9735, 31
9736, 31
9737, 84
9738, 97
9739, 28
9740, 1
9741, 26
9742, 42
9743, 83
9744, 92
9745, 17
9746, 97
9747, 86
9748, 16
9749, 65
9750, 60
9751, 8
9752, 46
9753, 38
9754, 19
9755, 61
9756, 26
9757, 86
9758, 1
9759, 81
9760, 26
9761, 81
9762, 78
9763, 43
9764, 43
9765, 80
9766, 42
9767, 75
9768, 51
9769, 5
9770, 33
9771, 17
9772, 84
9773, 83
9774, 32
9775, 58
9776, 50
9777, 73
9778, 63
9779, 7
9780, 1
9781, 58
9782, 77
9783, 17
9784, 80
9785, 41
9786, 80
9787, 84
9788, 8
9789, 28
9790, 81
9791, 65
9792, 7
9793, 13
9794, 56
9795, 99
9796, 25
9797, 69
9798, 44
9799, 17
9800, 90
9801, 8
9802, 72
9803, 45
9804, 28
9805, 71
9806, 4
9807, 82
9808, 0
9809, 67
9810, 23
9811, 26
9812, 92
9813, 95
9814, 29
9815, 96
9816, 0
9817, 37
9818, 58
9819, 81
9820, 69
9821, 42
9822, 13
9823, 26
9824, 70
9825, 79
9826, 0
9827, 44
9828, 0
9829, 61
9830, 92
9831, 35
9832, 8
9833, 69
9834, 13
9835, 62
9836, 0
9837, 17
9838, 60
9839, 13
9840, 87
9841, 38
9842, 69
9843, 86
9844, 17
9845, 33
9846, 57
9847, 91
9848, 86
9849, 77
9850, 83
9851, 18
9852, 50
9853, 3
9854, 82
9855, 42
9856, 25
9857, 57
9858, 93
9859, 97
9860, 98
9861, 71
9862, 93
9863, 17
9864, 46
9865, 46
9866, 99
9867, 15
9868, 23
9869, 69
9870, 76
9871, 57
9872, 34
9873, 69
9874, 1
9875, 84
9876, 53
9877, 22
9878, 25
9879, 90
9880, 49
9881, 13
9882, 51
9883, 52
9884, 12
9885, 71
9886, 46
9887, 73
9888, 25
9889, 74
9890, 30
9891, 69
9892, 62
9893, 34
9894, 8
9895, 86
9896, 77
9897, 29
9898, 66
9899, 25
9900, 17
9901, 30
9902, 64
9903, 59
9904, 6
9905, 59
9906, 69
9907, 45
9908, 25
9909, 49
9910, 48
9911, 38
9912, 26
9913, 59
9914, 95
9915, 63
9916, 87
9917, 93
9918, 49
9919, 2
9920, 57
9921, 54
9922, 41
9923, 99
9924, 22
9925, 41
9926, 71
9927, 58
9928, 37
9929, 40
9930, 67
9931, 4
9932, 88
9933, 37
9934, 31
9935, 35
9936, 72
9937, 18
9938, 33
9939, 50
9940, 54
9941, 92
9942, 27
9943, 22
9944, 56
9945, 64
9946, 6
9947, 37
9948, 78
9949, 17
9950, 17
9951, 71
9952, 37
9953, 84
9954, 97
9955, 37
9956, 95
9957, 44
9958, 5
9959, 75
9960, 72
9961, 13
9962, 98
9963, 45
9964, 79
9965, 25
9966, 22
9967, 28
9968, 72
9969, 54
9970, 69
9971, 24
9972, 97
9973, 28
9974, 37
9975, 41
9976, 31
9977, 87
9978, 3
9979, 0
9980, 11
9981, 95
9982, 41
9983, 74
9984, 84
9985, 69
9986, 94
9987, 27
9988, 90
9989, 17
9990, 14
9991, 66
9992, 54
9993, 65
9994, 81
9995, 62
9996, 73
9997, 8
9998, 57
9999, 13
