7864, 0
2891, 61
3816, 3
8498, 0
6850, 47
2181, 95
7444, 33
7440, 79
8902, 95
2042, 63
8362, 61
3109, 69
1392, 31
2799, 49
6494, 21
2606, 39
7821, 56
2329, 48
3262, 4
1490, 58
2095, 1
8964, 13
8453, 9
3539, 99
4645, 23
2328, 40
5453, 16
8104, 73
3550, 77
8844, 96
2400, 77
8569, 35
7696, 11
7366, 37
7043, 9
8184, 22
9647, 9
9940, 54
8673, 21
6365, 92
5921, 55
8291, 44
5550, 81
2611, 89
8507, 86
9020, 70
453, 89
9132, 47
8768, 93
2273, 48
1678, 58
1271, 32
8255, 2
5209, 10
8411, 90
7862, 79
141, 17
7179, 94
4250, 42
5843, 63
2645, 80
867, 73
807, 59
6651, 73
9263, 47
4506, 47
2974, 97
3501, 16
7911, 94
6718, 93
6736, 23
7065, 3
3497, 65
5343, 43
2349, 48
9193, 17
2105, 31
7080, 93
1762, 68
6484, 32
8355, 3
1061, 20
5313, 32
1543, 1
4767, 44
8627, 57
1813, 56
3013, 88
8567, 46
2148, 89
9934, 31
2125, 37
5290, 44
8748, 90
2789, 81
4647, 89
1548, 89
9166, 72
6826, 44
9999, 13
9446, 78
1480, 29
9257, 78
2157, 13
4968, 44
1418, 75
4608, 74
2346, 22
7428, 14
5644, 59
1109, 4
7001, 85
6364, 79
1183, 47
3261, 3
9869, 69
6263, 48
3144, 34
7317, 34
6642, 6
2866, 59
4917, 40
2484, 9
3953, 22
6632, 53
2517, 25
3419, 22
6028, 12
233, 56
5029, 8
4587, 54
6893, 80
1034, 82
4085, 48
9586, 47
5224, 40
6996, 7
6811, 33
7247, 51
8624, 33
2207, 34
3, 7
9551, 22
9745, 17
7217, 73
9260, 14
769, 23
1261, 60
7288, 82
4894, 74
4182, 70
4123, 19
4389, 53
6186, 31
5354, 41
7893, 74
5703, 27
2151, 35
1942, 80
7467, 74
5393, 18
2718, 60
5975, 10
7152, 55
7500, 23
6145, 70
5340, 58
5796, 96
9457, 70
179, 17
1364, 11
8769, 72
842, 53
9258, 3
3378, 25
6324, 23
3575, 35
6595, 0
5626, 47
2593, 2
2129, 72
1303, 22
7996, 74
8905, 15
2798, 61
279, 4
2411, 89
6280, 70
894, 38
1107, 85
4259, 11
8479, 41
2047, 26
5731, 72
7901, 78
63, 11
6822, 74
7193, 6
7347, 28
4163, 59
8608, 23
1169, 94
2362, 62
7564, 6
1893, 40
6299, 51
7719, 99
5713, 87
812, 80
8734, 96
9433, 28
2388, 94
6812, 56
5193, 54
6862, 38
7752, 29
8782, 92
5872, 9
4679, 8
1739, 76
3016, 83
1030, 95
9092, 53
7936, 56
218, 39
8854, 14
1469, 5
984, 45
9144, 17
8531, 5
6757, 31
6983, 13
866, 60
678, 73
5495, 25
7596, 25
5781, 61
3546, 40
5132, 9
2670, 0
3862, 17
3293, 42
6570, 96
9095, 52
344, 42
1067, 0
7198, 50
833, 89
5022, 54
2961, 65
4154, 82
3966, 67
293, 84
2680, 60
8495, 20
6630, 0
5517, 59
4056, 97
7951, 88
14, 98
7763, 91
2650, 98
3918, 16
662, 58
2893, 49
5396, 13
7652, 51
8729, 34
1166, 28
1125, 33
8012, 89
7903, 65
2907, 79
7836, 27
9890, 30
6284, 28
587, 19
9445, 90
3650, 77
8050, 83
488, 34
7474, 46
684, 74
5771, 29
853, 13
7796, 89
7107, 37
704, 83
9477, 57
6553, 92
226, 13
1547, 26
5411, 45
8171, 16
2060, 75
1500, 34
9268, 13
2516, 3
6361, 2
1040, 15
30, 64
7717, 11
5527, 93
3330, 27
3992, 85
8391, 21
7917, 79
8869, 98
9775, 58
1089, 64
1828, 70
4135, 25
4521, 44
8610, 32
7338, 75
4701, 76
964, 52
9907, 45
3287, 38
799, 2
8026, 36
7941, 28
8332, 96
8546, 74
7773, 12
5082, 98
3472, 17
2708, 2
2864, 23
8353, 72
6363, 41
9223, 14
1342, 77
4330, 48
3827, 21
525, 27
9521, 11
8151, 64
2463, 19
6714, 25
1673, 57
2041, 4
6843, 72
534, 6
8478, 19
2613, 15
5263, 41
3672, 88
2389, 14
9743, 83
9329, 15
7418, 11
1324, 87
3798, 2
4610, 99
3275, 97
8278, 44
472, 71
2161, 35
353, 6
551, 28
6084, 24
7416, 95
658, 52
3972, 9
9589, 75
7521, 92
1598, 79
380, 77
6898, 45
8833, 47
1405, 53
1948, 57
3398, 33
9285, 74
7510, 56
5546, 24
1957, 65
8986, 61
3451, 16
583, 8
4935, 4
7711, 87
9059, 15
572, 33
9199, 61
9637, 91
4323, 81
2505, 59
9761, 81
7732, 20
9359, 88
3208, 89
8745, 48
1390, 65
7568, 94
3871, 92
1366, 82
1639, 31
7017, 77
8916, 26
4377, 30
8797, 66
6990, 70
9885, 71
879, 98
4109, 81
6775, 55
9392, 87
7215, 81
5980, 36
7352, 14
9217, 40
5307, 9
7199, 30
4189, 79
5007, 88
5130, 20
490, 82
7494, 66
4559, 38
2092, 67
6253, 11
7358, 62
291, 28
3977, 65
3268, 74
877, 96
1068, 51
315, 23
9777, 73
9308, 91
3615, 83
1993, 40
2735, 23
3970, 16
4475, 77
6986, 31
7955, 62
6519, 15
4678, 97
7096, 36
2464, 13
9778, 63
4715, 14
3282, 74
4064, 9
2164, 37
4298, 59
6468, 82
9707, 29
5301, 30
7885, 44
5520, 33
1542, 39
8682, 22
2376, 55
1091, 55
3333, 26
4340, 81
6932, 62
7472, 13
1845, 69
174, 14
646, 57
3531, 25
7580, 38
4192, 96
6247, 83
3593, 16
7073, 96
3496, 95
2536, 36
8015, 58
1523, 76
1395, 23
1805, 26
6967, 21
8802, 63
657, 19
3887, 48
3020, 10
9345, 87
1582, 49
4312, 63
9808, 0
133, 76
1202, 28
5341, 4
1442, 73
7038, 35
6734, 54
5743, 76
7374, 86
5877, 24
8037, 3
7694, 51
6973, 5
6666, 21
5255, 32
9836, 0
3102, 11
9772, 84
6042, 4
3418, 51
4892, 12
8177, 7
4029, 73
8812, 45
3791, 55
999, 4
4746, 67
1349, 89
3229, 24
1101, 78
8934, 9
310, 44
2138, 49
3619, 21
5544, 30
1389, 55
8359, 0
2179, 30
1949, 35
9301, 70
4520, 0
6555, 11
6705, 84
7748, 4
6086, 14
2421, 56
8199, 76
5302, 46
7869, 6
8075, 27
2814, 90
9961, 13
778, 13
382, 81
682, 69
868, 92
6088, 61
2767, 19
6213, 9
3087, 11
244, 23
4301, 54
383, 77
4107, 99
7817, 64
6409, 86
5300, 66
1427, 41
2557, 84
6575, 89
4395, 50
8423, 43
4473, 9
46, 39
6081, 99
1890, 39
428, 44
5608, 98
609, 95
1980, 25
7456, 49
4484, 62
6349, 37
7896, 73
1809, 64
6375, 14
6590, 72
7979, 74
4239, 69
7404, 3
3246, 98
3988, 59
433, 76
8443, 64
12, 68
231, 48
232, 6
9123, 73
7735, 88
6103, 94
3165, 57
718, 63
4508, 59
8036, 25
1161, 21
256, 5
4331, 26
462, 9
6254, 29
6523, 81
625, 18
9448, 24
7947, 41
5879, 40
1241, 94
9614, 31
2301, 12
9952, 37
541, 36
2447, 92
7191, 64
6078, 44
6939, 16
9255, 87
9969, 54
2018, 45
9571, 99
7035, 42
4162, 96
2460, 47
6473, 98
9965, 25
5933, 98
9499, 28
2025, 2
5650, 32
4214, 1
9250, 0
9012, 99
9358, 53
3392, 74
454, 99
8371, 12
624, 99
588, 86
6455, 84
3934, 88
489, 6
1626, 3
3513, 80
229, 14
7768, 70
9456, 99
7722, 18
5512, 60
738, 81
5995, 21
9405, 48
4308, 86
9839, 13
7686, 71
3211, 50
6007, 41
4683, 63
8310, 19
6978, 85
2704, 69
5158, 48
618, 26
7541, 14
4718, 10
4759, 80
836, 86
6122, 81
9310, 94
5351, 25
7937, 92
6865, 28
995, 59
5060, 27
7883, 17
1179, 2
5957, 91
8727, 36
966, 44
4765, 17
5286, 7
185, 2
2425, 8
7151, 50
4792, 51
1620, 47
6281, 26
6540, 80
9075, 87
3563, 83
9078, 43
2048, 67
8896, 88
7863, 37
6712, 93
2847, 75
4097, 87
4883, 83
7549, 26
5761, 69
9167, 4
6882, 98
1234, 96
732, 9
4866, 69
863, 2
8599, 37
1632, 65
602, 28
1861, 43
5937, 54
8811, 33
5547, 97
3480, 5
4558, 83
2120, 80
9014, 20
8215, 2
8189, 96
6598, 32
7502, 92
6026, 50
2027, 21
2326, 69
3206, 43
8988, 85
941, 30
7101, 8
5013, 42
4704, 42
5258, 31
1697, 4
5031, 95
7263, 97
2602, 76
4315, 49
5141, 97
9978, 3
4760, 0
9031, 92
7539, 70
7726, 37
7976, 58
4529, 87
736, 19
7554, 60
8297, 61
7674, 72
8722, 51
120, 72
1892, 71
7701, 45
7771, 67
8590, 74
645, 40
1653, 97
4973, 44
5852, 84
2276, 45
3728, 42
56, 69
6913, 2
9947, 37
8364, 60
1323, 69
9307, 56
4891, 29
8631, 46
2369, 92
5902, 36
7940, 0
7767, 97
9465, 39
7214, 1
9493, 29
6984, 62
7205, 71
9557, 90
7333, 87
7551, 74
2269, 52
7392, 24
6604, 86
41, 93
7077, 27
2334, 15
6461, 81
1353, 30
9501, 30
5749, 53
2001, 88
2754, 30
1485, 8
9964, 79
9184, 1
5857, 50
4205, 65
6240, 6
9680, 74
7373, 74
6966, 63
4194, 13
3129, 8
871, 61
668, 36
9845, 33
5363, 55
2336, 87
8233, 64
9794, 56
4209, 68
8398, 96
2381, 97
8299, 74
8643, 75
1147, 51
287, 29
3622, 28
5611, 61
1108, 64
1244, 14
5931, 46
9579, 89
9754, 19
8262, 96
8209, 86
3401, 57
4305, 23
9760, 26
3399, 23
912, 83
7699, 75
2191, 55
1634, 69
687, 11
8889, 68
8126, 62
9089, 54
2902, 78
1860, 22
6047, 59
3923, 74
4456, 19
1742, 0
1937, 54
6458, 8
8699, 43
8295, 29
7160, 46
6232, 35
1504, 18
9402, 41
1286, 37
5588, 43
7602, 93
8324, 7
3577, 60
8758, 53
7268, 35
7441, 65
3529, 55
8397, 58
6334, 19
9944, 56
5297, 87
411, 9
1080, 2
3116, 17
3344, 73
6319, 55
5254, 64
6357, 30
3099, 60
2760, 16
596, 34
7737, 97
4901, 8
1150, 35
2660, 10
4142, 86
2943, 1
2901, 27
8587, 66
674, 88
4069, 70
3217, 52
4470, 65
3081, 8
3784, 63
4693, 9
9620, 39
5154, 79
1123, 73
7044, 67
9810, 23
5842, 96
1071, 94
5365, 60
2055, 92
3112, 93
7579, 12
4231, 52
2291, 20
8274, 70
2284, 3
2432, 11
9151, 62
4584, 84
2791, 17
4844, 91
8088, 57
8829, 8
3714, 31
9261, 45
5764, 19
9309, 93
7619, 20
4386, 24
338, 11
405, 3
1269, 31
2985, 18
5565, 54
1387, 8
3370, 70
7061, 15
1120, 4
4695, 50
4642, 70
8374, 57
5595, 87
6157, 25
2335, 49
2163, 69
5291, 49
3599, 3
7585, 2
1151, 50
3780, 44
2753, 95
8979, 20
5697, 8
2506, 36
4408, 28
5050, 21
4854, 4
8471, 92
5199, 58
8431, 52
5832, 10
2955, 48
7106, 55
1732, 62
4374, 71
7563, 46
3906, 72
4739, 57
5896, 46
367, 37
8460, 8
1311, 70
6599, 78
7320, 3
430, 2
476, 69
9633, 92
1314, 57
3355, 90
5819, 48
5583, 11
362, 43
9713, 48
8884, 66
3181, 84
390, 73
1458, 52
3573, 11
8639, 0
5850, 21
8449, 31
3733, 62
1025, 32
6207, 22
8146, 73
3108, 89
7328, 6
4680, 60
3596, 64
3223, 89
632, 52
1810, 87
3132, 99
7311, 79
1158, 88
8237, 23
9683, 65
445, 64
6640, 44
4435, 72
4047, 91
8083, 30
5839, 45
1218, 56
555, 39
693, 69
7742, 30
3590, 93
4023, 21
9632, 91
9838, 60
1736, 63
8591, 51
5206, 64
9803, 45
2305, 47
130, 0
1768, 36
143, 50
1227, 59
4353, 31
4730, 89
9666, 3
2135, 7
4495, 97
2553, 3
7040, 34
7720, 62
985, 58
7069, 37
5635, 9
6543, 63
9689, 81
5691, 92
6044, 39
9554, 30
5125, 1
568, 48
6614, 75
1137, 46
4924, 38
5865, 35
876, 13
4805, 61
7632, 51
3868, 3
2793, 67
7305, 84
7799, 42
9011, 35
5145, 46
7382, 27
6238, 5
3207, 92
2559, 98
7435, 74
5420, 72
2300, 11
5922, 73
1246, 36
4793, 68
2124, 51
1611, 27
5961, 16
2004, 76
524, 95
3956, 42
7188, 1
2450, 49
2528, 75
9565, 93
695, 83
3327, 79
2281, 40
5472, 63
8226, 74
5848, 93
1595, 48
3294, 27
9270, 25
957, 2
7433, 88
6627, 56
8318, 86
2387, 57
683, 75
3523, 89
7879, 98
3747, 11
3769, 92
3611, 82
9682, 11
797, 44
9909, 49
5716, 62
8370, 67
7738, 22
3153, 34
5069, 14
7759, 13
882, 43
7000, 71
2254, 79
4299, 40
4722, 20
4590, 35
163, 13
2942, 65
5988, 47
9524, 70
3839, 56
494, 81
8256, 78
5908, 79
7484, 73
9195, 70
3341, 92
7814, 64
7891, 85
9873, 69
9213, 31
666, 65
7460, 8
6631, 57
2216, 49
752, 78
6628, 73
3866, 56
8938, 10
6201, 46
5391, 95
4649, 97
9134, 22
6424, 89
1680, 2
8201, 59
7786, 8
6871, 6
6029, 56
5934, 81
5350, 35
8433, 76
7303, 69
2057, 21
4932, 82
2599, 84
3683, 37
2439, 86
5446, 52
9804, 28
9567, 15
5628, 82
3088, 24
1430, 41
1237, 94
7918, 53
4066, 18
3342, 55
4705, 75
3476, 75
5574, 94
7086, 40
1709, 80
6152, 21
9716, 96
623, 60
5476, 74
4993, 13
3989, 33
9661, 56
6451, 85
1217, 67
3322, 25
5318, 3
4661, 35
5970, 23
3572, 21
4878, 70
2043, 50
5364, 7
5226, 51
7442, 73
9489, 50
6337, 50
9741, 26
9007, 60
3945, 9
2544, 44
3343, 18
4972, 26
3179, 14
9141, 36
7360, 68
5646, 30
4240, 16
1720, 11
1557, 64
3903, 67
7591, 72
8780, 84
8492, 70
9733, 1
5077, 16
8602, 66
2695, 47
8572, 29
5776, 27
4318, 36
7978, 3
1630, 96
3667, 12
7394, 40
4313, 77
7715, 24
3946, 27
8752, 15
1017, 59
7369, 57
9171, 35
7028, 68
8161, 96
5164, 86
8321, 84
5734, 51
2595, 89
8098, 36
4375, 65
9929, 40
3699, 56
7985, 70
7855, 8
6400, 30
4668, 59
6245, 93
5677, 91
6831, 53
11, 27
7019, 49
3227, 35
1954, 93
7211, 67
4868, 19
2228, 55
3039, 77
6328, 91
3470, 94
3967, 14
3307, 65
2130, 70
6085, 6
1308, 0
8737, 98
6487, 44
2296, 28
2607, 62
5799, 42
6447, 13
7173, 47
7811, 37
2075, 42
1194, 49
1045, 88
2716, 34
9816, 0
3787, 81
8276, 73
7238, 98
2357, 15
3604, 82
7501, 14
652, 1
180, 40
3693, 17
4453, 63
9015, 55
4928, 84
8497, 2
8289, 88
2567, 25
8843, 37
7384, 79
9017, 17
5904, 0
9227, 95
1683, 22
8306, 58
7972, 5
1446, 13
2210, 58
6663, 76
9531, 36
2714, 96
5441, 51
4969, 11
592, 50
6956, 83
9882, 51
7142, 81
9726, 59
1787, 16
6407, 26
42, 47
6150, 11
1876, 44
4433, 7
4856, 65
515, 58
1208, 38
9049, 37
5387, 4
3545, 57
5194, 52
8425, 97
2010, 40
8719, 18
2026, 57
8776, 9
3783, 25
1056, 12
1777, 92
4635, 36
6037, 2
8434, 77
4771, 29
3032, 5
3019, 83
6062, 4
3703, 93
3527, 42
9403, 50
4619, 62
3809, 96
9656, 21
5407, 75
5593, 19
6180, 72
1192, 69
6709, 95
308, 8
8991, 15
1330, 73
48, 38
1494, 99
6067, 29
5627, 26
9139, 86
99, 62
4597, 53
8074, 76
6275, 62
6012, 46
9855, 42
8349, 94
1791, 16
3368, 21
3640, 76
5686, 46
1835, 84
9518, 63
7066, 80
6633, 16
9272, 37
4057, 44
3605, 69
7751, 14
924, 30
17, 80
925, 53
3905, 57
3411, 13
622, 4
5930, 48
1422, 49
5101, 20
4288, 8
2155, 8
128, 66
8445, 90
2201, 67
1159, 97
9598, 58
7998, 38
403, 52
8781, 32
7995, 31
6260, 10
158, 12
4801, 66
1685, 38
5345, 7
4233, 6
9182, 71
4950, 73
970, 3
7647, 76
3666, 3
2232, 99
398, 10
8532, 53
8232, 39
2413, 1
5658, 19
6191, 24
1238, 87
1094, 83
3685, 34
4348, 20
6267, 35
8222, 30
5557, 80
3760, 49
3077, 26
3194, 29
9362, 15
9949, 17
8714, 4
9928, 37
4535, 67
7334, 3
4289, 8
9732, 62
3402, 77
2237, 77
3467, 95
3164, 8
3959, 98
722, 23
3259, 16
720, 40
5895, 14
3309, 1
8343, 99
6093, 24
6339, 58
2983, 73
8825, 47
8742, 69
1740, 6
570, 76
2466, 80
8813, 77
410, 11
5349, 47
2737, 52
3739, 60
3536, 97
8260, 12
1750, 91
5836, 68
9491, 0
3940, 63
7367, 45
5424, 21
1513, 43
5739, 98
2194, 74
6522, 99
325, 13
4951, 89
5694, 53
8077, 3
140, 63
269, 76
1985, 24
9526, 67
5080, 79
9461, 3
4686, 35
6600, 85
946, 30
2448, 52
1201, 16
8820, 90
4947, 49
2063, 8
6123, 68
3704, 60
2064, 16
2354, 76
4961, 76
6351, 77
1012, 85
165, 43
2029, 26
5086, 80
577, 58
1998, 93
2830, 8
1220, 20
3799, 53
3932, 66
9731, 61
7656, 92
5639, 77
639, 93
9387, 98
8128, 56
2774, 20
8736, 42
3267, 96
3673, 58
1822, 10
3576, 71
4223, 99
3720, 91
5648, 41
2720, 10
9082, 94
6175, 45
5538, 22
1009, 17
1355, 98
9774, 32
1987, 39
9619, 73
6782, 5
1843, 39
510, 38
7326, 36
1486, 39
4168, 28
8955, 15
4696, 81
7508, 7
8891, 4
7062, 98
7963, 21
506, 71
5784, 80
9028, 75
8204, 7
1771, 10
9552, 64
4410, 4
7760, 52
1662, 20
949, 68
8130, 37
6006, 21
9709, 38
8930, 98
2089, 97
533, 10
4923, 99
5231, 39
3062, 97
5525, 50
2757, 20
7651, 50
4336, 26
2378, 24
1460, 58
9744, 92
8139, 47
2601, 78
8842, 65
1274, 9
9137, 35
4858, 59
8200, 78
1111, 71
6505, 55
9229, 51
2914, 68
238, 9
804, 62
3904, 41
558, 74
8024, 18
3849, 43
7488, 10
9170, 57
919, 77
9339, 86
8341, 45
1160, 80
8048, 47
1870, 19
9781, 58
3759, 97
8747, 46
5480, 1
7561, 56
38, 35
7129, 5
7930, 73
6649, 39
2876, 98
118, 7
319, 2
2751, 53
3792, 81
3486, 65
7056, 26
8092, 1
8376, 65
2643, 45
1367, 60
7194, 11
3541, 18
3447, 50
64, 72
4187, 9
6230, 45
4006, 14
2547, 46
1085, 60
9070, 91
7486, 47
529, 51
7087, 69
5415, 54
5322, 82
8689, 90
4999, 48
3557, 80
6168, 52
7376, 6
1584, 52
2635, 45
9595, 63
1955, 56
2147, 25
1078, 61
9292, 80
8051, 84
5360, 25
3133, 29
2935, 0
9442, 94
9361, 28
6698, 97
6611, 77
5548, 90
8721, 72
5171, 73
3155, 73
4210, 64
9111, 77
420, 93
9421, 19
2405, 45
5634, 44
2617, 72
1875, 60
4907, 90
7745, 59
439, 40
540, 72
3822, 87
286, 99
6762, 32
9063, 80
8238, 29
5556, 21
3899, 11
7432, 4
1383, 60
2620, 19
1073, 96
2732, 46
2340, 76
6612, 77
5874, 79
7740, 88
9321, 29
4588, 60
740, 34
664, 37
7991, 45
9224, 95
9105, 39
2249, 53
4806, 40
392, 45
6307, 38
2843, 82
783, 60
6667, 43
9850, 83
7436, 16
6756, 21
337, 47
6456, 92
4729, 6
5668, 21
4617, 12
9266, 50
6542, 41
1924, 12
8435, 19
2215, 14
9346, 81
8703, 33
3508, 52
3518, 30
3024, 19
2920, 30
6250, 5
762, 42
2174, 68
3978, 80
5211, 89
8826, 55
8565, 51
1299, 59
274, 30
2642, 90
1359, 3
629, 64
3314, 7
3654, 18
7616, 15
7517, 69
8348, 87
9580, 25
3072, 88
1135, 24
6781, 55
2906, 48
2123, 11
485, 29
9623, 50
127, 28
3258, 80
872, 37
6574, 50
7389, 72
236, 71
5700, 66
8441, 16
6916, 40
8227, 90
3764, 71
1842, 95
8136, 76
1849, 82
8506, 60
9102, 56
3943, 63
8948, 51
7728, 56
4611, 47
557, 3
316, 83
8863, 29
3055, 53
4982, 19
7713, 34
9104, 54
5705, 54
5294, 90
2435, 58
4571, 29
6876, 59
2193, 70
7290, 16
5721, 67
111, 97
341, 73
8488, 57
5219, 10
3093, 34
7277, 91
6793, 20
3591, 53
1688, 0
3017, 8
477, 33
9830, 92
478, 97
5554, 42
5657, 73
1928, 50
3008, 74
9271, 51
7095, 0
1273, 63
1478, 84
1117, 99
4964, 52
212, 35
3423, 42
1066, 89
4208, 20
7482, 37
6438, 19
5932, 70
2656, 13
182, 60
793, 50
8614, 40
8006, 15
4862, 36
9982, 41
3046, 5
9833, 69
819, 80
4685, 93
2542, 8
7853, 82
1008, 91
8169, 58
3524, 38
8805, 15
637, 1
9152, 49
375, 42
2500, 45
1609, 48
5825, 48
2306, 75
2118, 58
4295, 90
6210, 34
3811, 98
649, 96
5330, 99
4417, 45
6338, 40
669, 79
998, 19
7438, 99
6087, 72
3911, 29
8609, 94
5321, 21
2298, 34
1256, 59
1926, 7
4251, 79
8018, 36
3158, 49
1615, 14
1289, 96
3000, 86
211, 73
8911, 32
6981, 12
146, 78
372, 35
1749, 83
5466, 71
7778, 60
2639, 48
5428, 33
6625, 19
4541, 55
5507, 15
8284, 28
9867, 15
1329, 91
1782, 99
8186, 45
5220, 33
3379, 23
5058, 50
7172, 34
3722, 85
7969, 41
4438, 15
7109, 45
9222, 50
7039, 74
5960, 44
4744, 45
7026, 78
7676, 26
1908, 71
8822, 0
3442, 44
7136, 55
7470, 91
5598, 36
3238, 52
4278, 77
776, 34
6928, 4
6554, 98
7313, 62
3101, 20
283, 34
7614, 96
2699, 44
5210, 38
6726, 12
4128, 2
9898, 66
2270, 85
496, 74
5403, 15
1132, 49
820, 94
2115, 41
9372, 50
4713, 40
5984, 92
7595, 9
5121, 73
2818, 58
4143, 96
4116, 14
9821, 42
7858, 23
7276, 8
5394, 46
5267, 17
6358, 23
7605, 3
5564, 16
3192, 4
91, 64
2684, 82
9905, 59
9453, 33
8698, 39
8352, 21
5813, 63
7057, 54
1332, 16
7224, 99
9437, 46
8819, 30
2443, 47
5202, 98
6577, 98
1733, 10
2167, 26
9463, 9
4442, 9
257, 49
116, 13
607, 76
907, 68
7756, 4
3356, 25
6949, 73
8123, 11
5597, 23
9770, 33
885, 7
6059, 67
1239, 95
7125, 83
1059, 10
4906, 86
6303, 75
3162, 3
938, 7
9391, 87
6112, 7
4101, 25
1014, 6
895, 56
3687, 46
1741, 5
4796, 62
3203, 47
978, 86
4887, 98
336, 50
2116, 66
1676, 89
205, 46
8490, 53
7627, 2
2792, 31
8373, 6
4246, 21
2729, 76
3635, 62
1488, 2
6771, 91
9570, 34
223, 70
2033, 95
2370, 88
3263, 60
8618, 72
5795, 78
5675, 6
3023, 61
9789, 28
7116, 30
6495, 59
1895, 70
2358, 91
5275, 17
1727, 61
1496, 79
3818, 44
7427, 64
7695, 76
2881, 88
1203, 8
5223, 9
532, 35
8583, 20
679, 93
9913, 59
4756, 12
1989, 0
3532, 64
8751, 75
5405, 7
8597, 90
3231, 10
8544, 61
1412, 64
2190, 68
8296, 91
3198, 42
7823, 2
9100, 86
884, 77
422, 79
5032, 97
1533, 97
7923, 60
7746, 0
9718, 7
1992, 48
9509, 20
5094, 23
1374, 35
1769, 98
5252, 5
1481, 67
5216, 51
9685, 67
9644, 68
3276, 8
6786, 45
1816, 19
7270, 18
2166, 71
5124, 70
5369, 77
9091, 0
6615, 10
9755, 61
608, 69
2374, 36
8277, 48
9349, 51
7819, 0
6803, 46
3817, 95
8319, 13
487, 29
8312, 82
4847, 1
3067, 9
8188, 58
5279, 52
6117, 72
2641, 64
792, 49
6919, 7
7337, 87
1857, 65
6616, 53
6174, 78
429, 76
1967, 52
4421, 86
7818, 34
3985, 55
1170, 27
8363, 39
5225, 98
5814, 19
5283, 57
8086, 52
2015, 66
9883, 52
4400, 70
7975, 5
3434, 72
7437, 46
7644, 22
5577, 55
3639, 87
6745, 47
9328, 97
3937, 43
6618, 11
6987, 96
6411, 97
7351, 11
4747, 21
148, 99
5822, 75
755, 24
8700, 5
1958, 93
4641, 99
4211, 43
1863, 69
2975, 44
2313, 16
3167, 52
8753, 64
6515, 24
5964, 61
3251, 94
7824, 34
198, 23
5334, 32
4268, 45
8881, 62
5779, 40
2835, 74
1965, 97
2694, 57
4344, 56
8301, 75
7788, 97
4238, 81
4790, 53
9564, 83
3656, 85
5629, 79
2427, 51
2322, 82
527, 62
9989, 17
2775, 68
5122, 35
3222, 78
3280, 40
2070, 66
1953, 45
2404, 90
8824, 34
3377, 69
7519, 76
3230, 76
1995, 36
6344, 99
8853, 8
1036, 77
4030, 79
8600, 46
5780, 78
940, 21
8886, 61
2911, 24
3609, 36
681, 28
509, 96
3065, 86
6592, 52
5500, 64
9254, 86
1574, 2
6043, 19
617, 85
3006, 88
3250, 75
9536, 46
8821, 60
5425, 25
9889, 74
737, 81
6293, 67
5996, 49
5383, 25
195, 0
7805, 6
6755, 55
3589, 82
2597, 9
9438, 2
7783, 61
8668, 61
3746, 39
8686, 27
8658, 85
4974, 74
1625, 81
2779, 8
4628, 65
1516, 93
5562, 68
6442, 59
7997, 56
8861, 2
4262, 28
5051, 12
7764, 36
9069, 82
9806, 4
4563, 34
7325, 76
1872, 46
4750, 50
3786, 22
8482, 53
4978, 96
8, 85
6819, 69
1477, 13
5840, 70
8756, 73
3592, 76
6842, 85
1540, 83
8827, 70
7727, 8
8174, 31
9674, 50
8791, 95
713, 82
4849, 97
8926, 57
5798, 27
5587, 13
9827, 44
5328, 30
1529, 22
4592, 58
6848, 22
1251, 56
9574, 30
2772, 69
1411, 68
9471, 55
5005, 69
852, 22
4543, 53
7994, 93
7832, 35
3140, 70
6271, 55
7016, 1
7246, 27
6449, 89
5783, 51
8783, 73
6798, 16
4236, 84
930, 35
7831, 20
7048, 67
9220, 64
3183, 71
4531, 45
5519, 11
4306, 92
2539, 14
8706, 59
4919, 75
795, 27
2573, 66
2441, 16
4338, 37
6634, 64
1021, 2
7137, 93
7414, 4
6092, 91
2109, 63
5083, 61
7828, 52
2006, 68
3082, 29
4875, 64
9169, 15
1231, 80
7013, 38
8709, 70
504, 90
2094, 18
3218, 67
6492, 17
149, 25
564, 74
1878, 48
2032, 84
6312, 17
186, 94
2227, 68
93, 98
5856, 25
6682, 0
1487, 72
7703, 63
1565, 73
3692, 74
7084, 15
6817, 73
3304, 24
4429, 12
2919, 40
6056, 31
6915, 94
9523, 84
313, 23
197, 90
9046, 57
1779, 96
6054, 43
1869, 46
5221, 49
1087, 73
4880, 24
9311, 25
4632, 17
9684, 90
3883, 64
4001, 64
574, 11
5498, 32
4655, 23
676, 96
9802, 72
4114, 63
7154, 99
8634, 10
3682, 63
9558, 36
9018, 83
4524, 67
8738, 3
5163, 68
8603, 60
4411, 88
4491, 50
2945, 94
1028, 61
280, 55
1670, 67
1175, 21
1579, 77
2653, 6
9724, 68
2449, 57
8502, 55
6445, 6
4137, 59
8280, 59
7880, 23
7544, 76
4282, 8
1259, 63
9891, 69
4083, 33
1567, 31
705, 31
2727, 47
9923, 99
5990, 67
9363, 97
6040, 64
9763, 43
5195, 94
3991, 11
9920, 57
49, 33
1994, 45
5316, 63
3360, 9
5605, 46
9399, 17
4643, 8
8101, 35
4937, 61
8515, 66
6401, 53
4665, 20
1397, 64
7353, 96
6707, 62
2986, 25
2697, 29
8205, 69
3568, 32
9317, 66
3765, 64
5876, 28
1537, 46
3500, 9
3299, 58
3548, 65
4347, 45
9555, 22
9861, 71
8190, 52
773, 79
5076, 54
2530, 0
54, 18
6469, 87
5035, 62
1974, 91
2589, 38
3445, 2
4533, 74
7973, 61
1417, 35
4992, 56
8158, 63
9601, 62
7761, 38
6722, 98
1023, 64
5766, 8
6514, 24
9992, 54
9837, 17
3551, 53
8191, 67
7710, 28
7724, 89
6373, 61
3679, 24
6510, 34
2749, 9
4864, 68
3595, 6
9002, 23
4546, 62
4215, 78
6143, 21
7324, 27
2016, 6
1931, 30
4998, 37
6507, 47
3559, 57
3297, 71
6144, 11
6367, 63
8816, 5
2470, 84
2030, 13
6953, 37
7848, 44
2278, 6
1568, 66
7840, 78
7528, 60
8326, 47
317, 47
8383, 1
4581, 26
986, 36
3197, 44
5240, 27
1981, 87
2051, 61
9178, 57
9539, 82
8389, 21
878, 39
438, 16
9751, 8
2456, 65
5687, 42
9114, 61
7887, 5
6818, 20
6437, 10
1970, 50
5134, 67
619, 92
8612, 30
7615, 66
7846, 54
2584, 79
1440, 41
508, 86
9352, 31
1666, 14
7121, 15
4378, 24
7498, 95
521, 89
9084, 81
3583, 51
7673, 71
5104, 28
613, 47
2082, 7
7363, 48
6295, 40
4740, 71
4167, 51
8604, 5
6863, 1
2423, 19
4709, 84
9946, 6
2185, 11
8481, 70
4798, 39
7148, 33
3571, 60
7434, 26
5213, 71
8248, 19
6701, 52
8509, 11
1923, 44
962, 35
7589, 0
6027, 26
1277, 44
659, 62
3535, 95
7075, 7
5323, 77
5397, 14
5599, 55
466, 63
9569, 1
4567, 30
610, 64
3390, 58
8052, 24
1694, 48
9415, 24
4971, 4
6807, 13
6377, 54
8767, 12
8275, 7
8801, 28
1649, 42
8990, 69
5139, 48
8251, 39
8760, 61
6055, 68
3594, 76
2309, 67
7064, 65
6838, 87
3123, 58
9313, 14
7210, 92
9289, 34
6894, 34
2894, 72
8660, 43
5846, 16
2976, 41
3509, 34
7034, 73
1961, 12
1757, 4
2600, 50
9233, 96
4418, 26
3845, 41
2275, 82
1157, 57
9715, 23
8560, 6
953, 52
1, 69
2734, 60
8761, 4
9512, 51
8504, 49
8789, 38
4343, 61
9514, 96
6436, 93
1088, 73
759, 97
7309, 47
3289, 61
890, 79
7653, 12
9219, 41
215, 95
5107, 97
6279, 54
1252, 57
9756, 26
1052, 77
3810, 83
9515, 96
8005, 35
2085, 14
384, 21
4613, 45
9527, 59
7884, 53
869, 70
3302, 80
8514, 8
9767, 75
3920, 26
8415, 13
9997, 8
3048, 56
9006, 32
8786, 54
2209, 26
3455, 43
7766, 61
7252, 13
2365, 74
7804, 67
3180, 94
5777, 13
9065, 45
3757, 12
8806, 73
3029, 99
8477, 68
8429, 99
5185, 33
8652, 10
5282, 64
1818, 18
3201, 14
1918, 48
9636, 19
4933, 30
2461, 49
3063, 12
6976, 76
516, 10
6621, 0
6125, 2
7874, 41
3738, 98
7583, 61
4596, 65
2886, 51
1512, 94
4938, 63
1903, 93
7100, 85
9341, 77
4602, 81
8044, 28
3119, 2
432, 7
4416, 39
1384, 94
4420, 92
9798, 44
8557, 41
4785, 31
2403, 4
6909, 9
4725, 98
5063, 57
191, 2
8759, 88
8407, 87
7584, 20
5815, 1
2077, 9
4141, 57
7081, 79
8247, 51
5274, 12
7533, 51
6820, 53
6670, 50
1711, 29
7220, 19
9108, 1
6564, 12
7156, 13
4896, 32
1812, 3
982, 27
9019, 16
9573, 68
661, 73
3070, 77
8145, 4
1755, 22
5337, 16
9897, 29
8001, 1
8412, 72
1941, 74
5752, 55
2098, 7
3058, 21
8009, 56
1566, 80
4361, 59
2150, 89
6049, 93
891, 23
8892, 43
1320, 12
8467, 40
1042, 55
8516, 40
6389, 38
7412, 53
8662, 41
1551, 78
5623, 2
8912, 80
4688, 66
7022, 6
7208, 80
5580, 35
5945, 3
1213, 30
9035, 72
8390, 66
7540, 3
6041, 56
2192, 25
7945, 50
4948, 24
8221, 23
6460, 67
7362, 67
5044, 39
559, 49
3805, 59
6951, 18
6835, 67
1119, 23
5808, 63
5096, 83
9209, 60
3888, 27
206, 7
7340, 61
2072, 16
7777, 17
70, 80
8534, 17
7092, 87
3641, 20
546, 99
4317, 25
5849, 31
8354, 41
4542, 1
816, 98
7111, 34
6108, 14
3483, 15
7989, 14
1789, 13
4846, 14
3096, 14
6580, 32
1196, 68
6046, 80
6954, 39
3897, 97
2922, 28
1127, 31
1907, 71
8923, 32
4735, 96
3690, 86
4637, 8
13, 64
1328, 71
3842, 43
7731, 68
9423, 72
6390, 81
4754, 5
5698, 90
7286, 15
7454, 91
4523, 20
2783, 6
991, 82
6156, 51
1754, 81
5710, 17
3172, 66
5751, 20
343, 52
5504, 51
7314, 20
5867, 93
4426, 96
6197, 18
8476, 67
2808, 92
8739, 76
258, 65
9986, 94
9436, 26
2826, 15
1343, 18
4370, 86
9334, 0
5801, 73
9550, 49
6450, 76
9473, 15
5099, 6
6650, 78
3005, 78
3122, 95
4011, 53
8402, 71
2811, 70
7118, 6
945, 77
9910, 48
1049, 56
7586, 36
881, 15
1318, 57
6264, 31
3468, 89
2549, 51
2560, 11
8438, 19
1881, 58
6114, 84
7316, 77
2052, 68
3148, 65
7144, 37
8079, 69
6395, 27
3534, 96
1470, 56
3166, 1
1848, 37
6980, 37
2722, 25
4316, 15
4041, 24
5412, 87
242, 86
1498, 58
8308, 71
5459, 0
2686, 75
1659, 46
1570, 1
921, 31
7987, 31
6481, 97
6305, 82
3489, 5
1188, 53
5367, 18
6706, 7
5098, 55
1746, 12
9676, 42
5346, 27
4241, 14
6167, 9
9639, 61
6060, 28
4092, 93
9385, 99
7916, 86
8554, 80
1695, 3
8061, 56
4955, 47
7565, 77
839, 26
6082, 21
6970, 72
3960, 97
1404, 52
1657, 97
902, 27
4841, 45
9045, 65
7957, 66
3840, 5
4007, 18
5708, 63
5816, 32
7569, 92
9926, 71
6797, 86
2857, 70
6696, 50
3855, 76
6064, 53
7070, 7
4788, 34
4273, 97
7042, 35
9486, 72
9365, 8
2949, 40
219, 42
7110, 45
7678, 28
5105, 23
2585, 91
6184, 45
9083, 4
5160, 77
4808, 82
3580, 83
8236, 43
7902, 23
2483, 23
6815, 16
8356, 44
6226, 31
2691, 41
3474, 21
2764, 45
4483, 33
4633, 49
8647, 66
9212, 43
480, 80
9957, 44
9474, 32
3706, 47
3664, 41
3084, 31
414, 68
9058, 50
960, 99
2103, 77
7562, 36
5837, 41
3257, 54
9870, 76
5236, 79
585, 28
3292, 3
6057, 96
4445, 32
8655, 37
8870, 58
6508, 40
7448, 29
6895, 21
2081, 22
4450, 30
3528, 10
9487, 40
7851, 45
1524, 61
2121, 31
4467, 6
9353, 32
8817, 81
2926, 18
4274, 73
2780, 58
4803, 0
9177, 92
4291, 61
1408, 87
4516, 0
3916, 1
8671, 40
6313, 46
8219, 73
2486, 93
377, 70
3232, 5
5327, 71
416, 58
2769, 41
9605, 27
9246, 10
3134, 72
5622, 42
6619, 3
192, 25
9117, 8
1225, 60
4885, 93
8931, 73
7141, 32
3549, 68
728, 77
4084, 89
9067, 66
2556, 87
5862, 67
528, 98
9253, 47
365, 18
777, 51
2266, 5
8690, 1
5089, 46
3520, 42
8809, 78
3861, 23
145, 36
4871, 23
8031, 83
3380, 89
7212, 81
9393, 58
3185, 14
1086, 22
6404, 66
7475, 20
670, 42
8510, 21
2946, 72
3705, 55
1660, 91
983, 66
8997, 56
7655, 42
9306, 10
7606, 63
3901, 13
4814, 90
3490, 13
3561, 58
727, 88
95, 28
9497, 10
3859, 54
3914, 79
9563, 6
6011, 71
92, 13
7577, 84
9932, 88
3987, 70
3750, 87
4802, 69
3335, 32
9931, 4
2731, 72
8944, 78
4200, 11
8268, 66
3121, 62
9126, 16
6309, 78
4943, 2
2154, 46
134, 69
2159, 31
847, 74
6113, 53
1619, 56
7415, 6
7254, 80
6743, 14
9886, 46
8960, 79
5073, 25
648, 21
2188, 62
1883, 93
1102, 85
2782, 54
9376, 76
6661, 61
1515, 75
1610, 47
6579, 63
7153, 10
34, 21
3064, 56
1689, 93
8562, 85
5870, 33
5809, 10
7646, 55
4185, 82
6128, 28
4425, 65
1960, 49
7012, 2
1797, 85
7009, 48
7634, 68
6478, 62
1219, 89
5682, 52
2730, 18
3858, 27
9192, 63
5100, 80
8901, 16
3492, 50
2692, 53
3795, 88
9976, 31
4173, 3
3661, 72
4622, 76
633, 83
8754, 1
5617, 20
1327, 29
9749, 65
332, 87
309, 93
6582, 86
1801, 89
7692, 35
1133, 7
1024, 83
3616, 23
5560, 32
731, 94
4549, 47
1747, 60
8329, 84
5887, 73
3173, 77
2948, 62
5971, 0
3242, 89
9196, 62
8021, 76
6662, 54
7642, 90
8694, 0
1638, 24
7053, 86
5714, 0
9956, 95
1058, 1
9228, 17
744, 43
9449, 64
3788, 45
7383, 27
8040, 50
5181, 7
1817, 93
3091, 81
2845, 21
3949, 29
2837, 57
526, 55
6732, 18
4721, 0
8125, 66
8731, 83
2956, 99
3308, 69
3696, 3
5338, 90
6105, 79
4037, 36
5188, 73
8680, 61
6571, 11
4349, 86
7079, 31
2972, 98
5187, 63
1808, 99
8366, 50
3837, 65
69, 22
8746, 34
7617, 92
3958, 3
6849, 7
4700, 6
2822, 75
1691, 81
2844, 94
5774, 18
8442, 31
5409, 75
276, 89
1326, 1
9681, 65
3857, 25
1272, 34
8266, 9
7535, 45
7201, 94
8149, 49
2119, 19
7592, 72
3475, 98
2771, 39
5174, 72
7679, 9
8924, 78
5444, 57
1664, 9
8027, 96
2840, 49
288, 3
4574, 72
9096, 0
9295, 37
556, 67
3538, 52
1929, 15
928, 65
6431, 92
988, 50
7668, 47
8452, 20
5222, 7
9029, 14
2345, 48
7032, 93
6187, 77
5024, 30
9062, 55
7907, 29
7981, 56
3384, 13
7411, 44
7158, 71
8322, 69
9662, 95
3459, 86
4432, 16
9370, 52
3853, 43
3569, 21
110, 2
7463, 7
6077, 90
7284, 13
9847, 91
7545, 9
2527, 41
2012, 17
1095, 86
9074, 76
9615, 80
2623, 2
3653, 95
829, 65
6225, 10
5244, 59
8871, 95
794, 33
3770, 78
9779, 7
8122, 26
8344, 26
5339, 91
4004, 22
5838, 49
4186, 60
1407, 62
3676, 69
8898, 83
1693, 47
3338, 0
8533, 42
1914, 22
4836, 30
7842, 99
371, 44
6900, 52
3189, 89
5603, 8
7793, 86
6889, 86
6904, 36
3118, 82
1182, 1
5074, 86
7573, 86
8218, 33
1829, 79
7523, 40
6880, 25
5248, 56
9278, 46
7426, 87
7555, 63
3742, 50
7485, 86
115, 89
2969, 60
8409, 18
6971, 98
9649, 3
9612, 35
1228, 47
6448, 11
2918, 86
4319, 13
9664, 56
9500, 93
5237, 10
1381, 95
4827, 1
1820, 49
6315, 51
3921, 22
6993, 6
9283, 94
6994, 16
1734, 94
7350, 69
2674, 96
5787, 91
7755, 9
3865, 1
7657, 6
3271, 2
6354, 10
2476, 42
3505, 36
9728, 81
2271, 16
5797, 95
4749, 71
5992, 85
1145, 34
3926, 46
3669, 97
413, 15
9618, 46
4936, 37
78, 96
4271, 57
3909, 17
7209, 39
9669, 10
465, 67
7385, 19
1508, 12
2824, 69
7878, 69
802, 37
2008, 88
3266, 73
2912, 2
6014, 25
981, 93
8852, 60
5625, 48
4160, 10
7453, 88
9371, 20
9643, 80
3397, 10
3629, 21
5131, 70
5531, 26
4561, 28
6576, 97
2114, 92
5568, 66
688, 17
6777, 75
5653, 6
5590, 84
8042, 25
2106, 99
239, 68
2971, 16
8568, 37
3372, 47
7954, 98
7259, 42
96, 5
6192, 98
862, 52
1640, 36
4656, 84
8152, 87
1715, 94
6243, 91
1492, 38
4311, 7
3188, 49
4227, 98
3670, 34
5678, 5
3324, 80
5575, 38
8065, 20
9357, 31
9815, 96
6383, 61
9216, 98
5974, 24
2333, 77
9592, 7
5204, 32
5620, 26
3885, 57
9076, 56
442, 6
7050, 4
8127, 28
653, 7
6208, 24
8432, 81
4290, 90
6969, 78
5247, 22
5041, 78
1429, 29
511, 19
6516, 23
2424, 33
9942, 27
2675, 39
8486, 13
6441, 3
5496, 1
9331, 64
2160, 60
4518, 85
1348, 32
9700, 56
1866, 58
3884, 28
9692, 33
5999, 43
4122, 77
8766, 81
5944, 6
1146, 11
9543, 54
8832, 41
7707, 2
7182, 45
7794, 29
5319, 2
1873, 66
9340, 37
5950, 78
2040, 56
6506, 35
5284, 82
8459, 73
6870, 47
7241, 2
4692, 83
311, 68
8369, 35
8286, 47
811, 12
2315, 3
6219, 84
1302, 88
6035, 33
3709, 47
7183, 37
8073, 62
6410, 40
1679, 50
4284, 94
9927, 58
3482, 90
5959, 34
7608, 97
2267, 91
4166, 87
809, 37
6378, 43
5230, 65
3587, 97
9252, 41
484, 34
6288, 34
5981, 85
2638, 96
6140, 6
707, 0
4451, 79
1360, 45
726, 9
160, 30
6061, 7
8336, 5
3968, 31
3725, 24
8365, 4
9044, 11
3448, 86
5845, 99
3376, 62
3463, 39
9242, 78
7843, 87
1393, 9
5379, 86
5168, 34
6317, 5
640, 89
6690, 39
9622, 60
1423, 23
5203, 39
2034, 61
7301, 46
6727, 59
4387, 43
2965, 76
460, 24
832, 89
2454, 3
4761, 46
1589, 27
126, 14
4117, 13
943, 91
3980, 56
6355, 87
764, 73
1224, 26
7104, 8
4196, 43
3381, 98
5656, 86
9396, 36
8197, 86
2905, 43
4355, 42
6795, 18
8054, 34
4022, 98
8063, 64
8713, 6
8029, 94
5173, 71
1280, 2
904, 12
4382, 64
1236, 96
9409, 6
8060, 42
4672, 27
4991, 50
2289, 7
5463, 27
1131, 80
221, 36
5167, 55
8469, 62
8447, 17
9596, 92
178, 28
4835, 30
8229, 92
1865, 18
8234, 28
5111, 77
6297, 68
746, 59
5262, 61
7423, 61
8055, 46
7931, 8
1604, 91
9785, 41
1759, 6
7593, 44
265, 12
9080, 27
4266, 43
388, 43
4252, 8
7027, 19
4499, 23
125, 80
3515, 89
4857, 22
9859, 97
3126, 0
6212, 73
2073, 50
5847, 78
6237, 1
6974, 67
9475, 90
6013, 79
3724, 67
8972, 0
3150, 39
55, 46
3565, 31
3758, 3
8894, 96
8888, 71
8594, 68
2867, 88
2594, 1
4293, 66
1268, 22
1674, 47
2742, 79
9768, 51
5028, 99
2045, 93
2433, 30
9434, 46
3710, 60
7520, 18
9168, 67
8851, 86
1616, 8
455, 36
1751, 62
4640, 84
7007, 78
8049, 95
8468, 56
2937, 60
5241, 51
5402, 52
300, 72
1527, 15
3624, 25
4060, 81
4873, 77
9654, 68
2523, 51
8763, 90
9912, 26
3789, 86
9938, 33
8483, 45
7425, 12
1432, 25
5910, 7
7588, 76
8091, 90
4766, 63
3889, 23
898, 41
2504, 97
6083, 29
6381, 81
1452, 69
3169, 68
5778, 98
4994, 91
2823, 89
9517, 27
3367, 25
2800, 88
421, 28
8629, 74
6747, 10
5324, 61
3004, 67
6392, 55
7861, 23
9868, 23
1448, 8
9276, 0
5055, 35
2583, 11
3558, 63
1379, 72
3105, 40
4911, 30
5382, 34
2168, 97
2833, 23
6789, 12
3071, 33
1307, 33
1944, 37
4578, 7
560, 86
3362, 59
9037, 98
5075, 63
7455, 41
1211, 21
2279, 84
4446, 38
5205, 14
8946, 45
9416, 86
7597, 42
6217, 4
2024, 88
3139, 74
1578, 86
6828, 16
4119, 40
4577, 67
3890, 62
172, 83
4212, 2
1310, 33
6490, 71
1136, 0
9322, 21
7049, 85
6356, 10
6779, 67
702, 16
5087, 8
6573, 28
4931, 78
1074, 28
2397, 49
2038, 42
3186, 72
2246, 71
790, 32
7610, 18
3202, 57
5464, 69
2429, 52
8019, 88
7060, 19
10, 79
575, 16
4480, 66
5009, 22
8526, 90
168, 47
3216, 94
3052, 79
9480, 68
5037, 60
779, 54
213, 80
28, 36
4398, 82
5610, 1
3752, 83
9175, 33
2809, 17
7747, 9
4666, 56
6018, 38
2654, 84
2490, 25
8872, 55
3408, 7
4077, 70
1424, 4
1528, 29
6151, 97
1714, 91
5017, 85
9702, 29
4080, 35
8593, 24
9071, 87
3744, 33
6214, 16
4872, 28
1185, 52
8793, 13
7407, 89
5916, 41
8263, 61
6202, 64
7529, 40
6346, 40
5604, 35
4859, 66
3651, 83
6126, 8
6742, 94
7721, 38
8231, 49
8408, 41
7982, 46
2858, 25
2288, 79
8865, 32
8966, 32
6547, 87
9693, 67
9000, 27
3863, 32
2871, 55
7413, 80
6948, 72
4816, 30
8241, 86
1000, 2
8619, 19
4840, 42
9125, 60
9857, 57
9852, 50
2317, 45
5491, 74
1287, 21
4230, 43
7122, 57
4828, 70
8078, 37
5924, 96
7206, 57
634, 70
4870, 62
6164, 22
4468, 64
5289, 18
100, 10
6199, 3
7321, 11
9109, 96
1896, 23
7797, 17
5563, 22
9052, 24
5487, 90
2850, 71
1050, 62
6659, 55
3872, 23
9962, 98
6158, 42
4648, 5
7186, 21
9202, 83
9936, 72
6546, 45
9350, 48
6051, 63
7590, 79
4329, 4
6352, 69
5641, 67
3579, 99
1898, 42
3585, 79
643, 60
1295, 36
855, 75
1601, 33
7090, 97
9853, 3
6368, 99
917, 79
1428, 60
1591, 41
8927, 46
9895, 86
8935, 68
8578, 34
1317, 7
920, 14
1724, 85
1745, 34
1635, 83
5136, 47
1026, 31
2318, 4
5918, 51
1282, 81
3715, 96
227, 43
1313, 89
7636, 15
358, 71
327, 87
2661, 72
838, 84
2495, 21
243, 63
3663, 12
3226, 83
5434, 60
5760, 25
893, 23
1482, 48
976, 72
7481, 83
589, 61
3603, 24
1556, 80
3210, 85
5726, 92
4368, 54
2903, 70
4145, 5
3645, 7
4977, 39
5732, 59
8785, 94
9502, 95
6602, 98
2853, 23
2277, 42
2238, 27
4118, 3
7802, 11
1221, 60
2898, 65
6009, 40
9901, 30
4589, 86
2952, 62
8878, 73
8454, 71
6321, 77
5253, 62
188, 99
537, 86
9548, 72
2756, 75
1536, 41
4482, 2
2626, 1
2503, 99
5746, 82
5399, 65
8084, 53
6127, 81
6903, 67
4675, 53
9937, 18
4146, 88
3425, 84
2287, 14
2770, 53
9736, 31
9366, 97
2265, 20
9323, 83
7640, 50
5572, 0
4422, 59
2214, 83
2979, 36
5430, 16
3658, 48
7626, 93
6989, 58
1043, 72
9784, 80
1686, 90
5973, 22
9865, 46
4281, 13
6183, 45
4191, 89
6176, 84
5234, 32
4949, 67
3974, 76
419, 24
6231, 89
743, 68
7402, 1
9600, 7
2511, 44
9520, 32
7237, 45
5016, 5
7514, 30
47, 92
641, 68
7943, 5
4360, 96
7399, 91
9239, 56
826, 15
1784, 45
8150, 94
5723, 60
307, 53
1963, 76
8810, 95
1962, 3
138, 25
4860, 76
2677, 54
2390, 49
5445, 24
298, 57
4050, 85
1232, 36
9426, 19
7834, 64
8003, 93
6090, 7
4351, 92
8080, 33
1506, 67
6488, 92
1053, 26
5881, 98
6933, 75
3137, 13
4170, 38
4742, 39
3771, 96
7867, 6
5095, 5
7458, 24
6676, 1
7900, 77
2036, 89
7667, 60
6248, 33
5750, 63
2562, 35
4063, 72
1072, 97
3684, 46
7612, 79
6200, 60
4778, 15
2513, 91
9848, 86
2803, 34
1198, 11
1894, 56
1796, 1
6215, 54
5693, 82
8242, 24
3176, 82
7478, 46
4530, 3
6962, 55
1744, 46
8541, 21
7575, 91
86, 54
4557, 77
8799, 8
8292, 77
5052, 39
7870, 58
9315, 46
9660, 91
8500, 3
8848, 32
471, 55
2957, 99
9397, 45
1319, 79
4757, 91
5806, 21
3570, 90
8762, 12
7835, 15
228, 52
7733, 63
6901, 9
4342, 95
2344, 19
7492, 41
2939, 33
1063, 4
3955, 76
8795, 78
6454, 64
6399, 54
9485, 60
3493, 40
9348, 80
5232, 61
3080, 77
5112, 82
2934, 85
6672, 99
6947, 37
7323, 56
2297, 79
9395, 59
7381, 69
87, 90
7248, 58
1785, 63
2481, 54
1889, 31
2316, 58
6467, 48
2311, 28
2984, 26
5117, 17
5, 87
2759, 60
3998, 53
1464, 49
840, 80
8976, 48
2755, 48
8393, 52
3383, 55
7487, 83
5179, 16
5492, 5
6412, 8
1483, 95
9072, 93
2395, 30
7296, 14
4048, 41
7128, 17
2588, 79
1909, 83
7419, 28
4242, 86
114, 68
1600, 99
2895, 98
7108, 23
151, 80
3336, 12
9097, 6
4409, 39
3269, 77
7219, 22
2132, 4
6809, 3
1517, 8
4595, 37
2314, 39
4942, 28
5155, 72
3234, 85
7229, 40
214, 98
6347, 66
4496, 59
2655, 39
6286, 15
3034, 24
2900, 85
2744, 86
8645, 72
8223, 48
5662, 5
1495, 4
8693, 96
8696, 13
5773, 60
3069, 31
1001, 51
5478, 34
899, 54
67, 0
911, 1
5606, 65
5667, 19
1959, 86
8337, 64
6221, 79
7074, 24
7181, 22
9425, 1
6550, 37
9298, 18
360, 4
2332, 85
620, 74
6386, 64
2331, 51
5885, 39
4015, 75
9801, 8
2932, 27
9173, 40
4612, 70
5912, 93
6754, 55
5923, 2
1070, 29
512, 26
2059, 9
6957, 52
4493, 0
7787, 7
7928, 53
2299, 36
4046, 38
1864, 76
7322, 86
3630, 12
6879, 84
7176, 65
4144, 61
4108, 94
1139, 85
9657, 63
2801, 45
6814, 13
7126, 42
4900, 76
132, 5
4634, 53
1824, 56
4748, 38
2039, 32
8134, 13
4586, 44
3516, 73
1100, 12
5601, 56
5754, 76
9535, 6
4723, 73
5552, 9
9911, 38
1416, 35
5859, 44
3432, 7
9098, 24
6769, 20
4247, 10
2459, 19
8213, 7
6427, 93
6076, 78
9734, 58
4953, 93
7662, 7
33, 61
2621, 1
2666, 24
6868, 7
6071, 8
9766, 42
5488, 51
5347, 27
5873, 25
5375, 59
6413, 99
2493, 40
1064, 71
535, 44
6596, 17
4734, 73
9742, 42
3525, 59
599, 90
4869, 31
942, 57
8529, 36
202, 64
8847, 78
2235, 62
8116, 3
1696, 54
5621, 52
1602, 15
4659, 3
6558, 57
1966, 64
7466, 11
2482, 71
1082, 82
2398, 92
5273, 76
9013, 94
9319, 21
6844, 11
3894, 53
9576, 74
9081, 66
9066, 21
796, 87
5631, 81
5630, 29
1647, 23
7091, 94
7203, 32
1986, 9
6342, 63
4028, 0
7190, 41
7826, 31
4703, 97
8007, 71
2786, 59
3600, 7
4745, 61
32, 43
844, 85
2980, 26
8114, 58
4155, 31
6371, 98
8401, 96
7546, 45
4920, 98
5680, 15
4198, 0
9844, 17
2262, 6
9874, 1
2037, 45
1532, 3
3007, 69
6360, 10
1377, 14
5186, 81
6653, 14
2014, 4
3785, 42
6567, 8
1385, 63
3422, 94
4851, 96
3807, 16
6482, 38
6735, 75
8109, 54
3830, 93
3235, 17
3239, 65
4065, 92
703, 8
7348, 5
849, 15
8581, 14
5719, 74
1189, 15
7306, 37
8323, 13
1033, 60
9646, 34
9038, 10
5344, 64
7860, 55
6444, 17
8626, 68
4707, 50
8300, 89
870, 99
1563, 37
3435, 29
9245, 10
3184, 0
3947, 52
1138, 28
4515, 88
1401, 25
2609, 84
2477, 8
9256, 71
965, 33
5001, 66
6609, 54
2981, 33
7379, 20
7395, 89
3213, 93
7784, 35
6102, 92
780, 81
1216, 50
3264, 79
1193, 7
685, 92
2615, 76
660, 44
4717, 22
2804, 8
7890, 56
3726, 17
6569, 82
4019, 70
1113, 88
6689, 2
4132, 40
9959, 75
5676, 2
2904, 88
3352, 49
2053, 9
8503, 8
2492, 51
954, 40
9194, 53
2502, 57
4676, 44
7054, 88
4258, 57
444, 96
1613, 33
6366, 71
7600, 99
4218, 2
5127, 19
4130, 72
8899, 8
2491, 85
9430, 25
7024, 20
8440, 75
517, 39
4381, 76
9302, 0
7718, 84
5600, 16
8133, 0
7099, 51
5503, 9
9705, 50
8212, 12
5526, 54
6306, 52
1230, 42
8523, 36
6359, 22
1699, 28
5638, 72
2149, 4
936, 61
7184, 43
4963, 70
5398, 85
9459, 89
473, 20
5615, 39
6291, 74
2295, 83
5982, 75
7085, 83
581, 89
6907, 96
4222, 15
9903, 59
4731, 26
4434, 62
6562, 98
8897, 63
3952, 44
8778, 24
8095, 66
4538, 43
9582, 76
2419, 70
9225, 91
3319, 55
2067, 73
2701, 58
18, 7
8893, 44
320, 72
7164, 70
1561, 76
8400, 88
5400, 27
8033, 41
3477, 57
7736, 81
9908, 25
1706, 2
225, 67
8525, 2
1766, 85
3249, 56
7227, 93
331, 41
4797, 90
3387, 23
1022, 60
1035, 24
5899, 53
4545, 25
4081, 48
4976, 85
4016, 44
1400, 81
8271, 14
4286, 52
8830, 27
3657, 40
1177, 28
8576, 73
6331, 50
7886, 2
542, 56
7133, 41
3479, 7
2512, 41
5278, 22
4437, 69
6593, 72
9922, 41
7881, 13
9701, 90
1106, 71
4699, 10
9593, 49
5511, 69
9998, 57
6678, 25
2195, 23
2951, 72
4833, 58
5659, 71
3085, 82
8663, 25
7503, 66
4568, 49
7743, 23
4320, 14
2596, 95
9284, 54
5939, 71
6927, 97
9659, 25
4384, 69
1606, 1
6834, 85
4039, 58
3597, 32
4203, 86
2616, 50
1124, 75
3832, 89
7124, 85
1544, 41
2812, 17
8351, 82
8422, 14
671, 21
8107, 27
4580, 71
4639, 65
9966, 22
1617, 47
6322, 29
5514, 19
2526, 77
3936, 96
706, 81
4150, 16
3103, 97
4302, 74
6887, 30
6362, 14
7315, 34
9110, 6
9613, 92
386, 26
8962, 59
808, 70
9737, 84
4269, 67
7200, 40
1826, 17
5366, 75
8173, 73
5266, 27
5807, 94
2054, 15
3701, 48
4436, 8
2765, 51
531, 55
1165, 21
7649, 90
1152, 12
2874, 84
6179, 67
616, 96
7992, 81
6426, 64
8968, 88
5091, 79
4815, 2
2480, 16
4966, 93
5875, 88
3867, 22
2472, 86
9629, 78
157, 0
6800, 94
6588, 96
2221, 5
1104, 45
9464, 44
9504, 98
2417, 26
4449, 76
4553, 44
2437, 15
8665, 38
4510, 95
636, 20
50, 61
98, 77
1573, 56
5828, 45
8446, 55
3938, 56
1713, 24
314, 88
3256, 47
6432, 42
4121, 4
8772, 39
6252, 33
6109, 47
4958, 57
6408, 5
2488, 77
1704, 83
7681, 85
3935, 21
1856, 43
456, 34
1172, 41
8876, 73
9022, 45
7051, 12
1391, 5
8975, 92
1426, 69
834, 83
7281, 88
2416, 55
2382, 41
1118, 45
9154, 6
4267, 67
6938, 42
9757, 86
4564, 57
2508, 71
3100, 15
5067, 53
5196, 84
3819, 51
8428, 13
7011, 15
880, 66
4599, 2
6080, 37
5755, 5
2224, 43
7120, 54
1346, 24
2785, 46
7795, 15
1682, 34
7422, 94
8267, 99
1083, 4
5636, 24
5048, 20
8919, 51
883, 78
7310, 11
4653, 51
1321, 28
7349, 28
9668, 25
5689, 14
3305, 70
5645, 43
3436, 90
8561, 26
6137, 70
2323, 25
2451, 92
8941, 26
76, 54
7827, 51
8470, 31
3090, 41
4528, 28
3311, 32
3375, 72
9041, 13
119, 42
2748, 38
5793, 83
6074, 68
4591, 39
2128, 7
5786, 0
3487, 1
2658, 35
5539, 25
1534, 36
1764, 54
8918, 41
3625, 44
8965, 79
200, 28
8335, 87
3707, 12
7473, 11
8413, 52
4673, 14
9818, 58
7045, 71
4457, 22
1703, 54
1758, 54
1010, 1
9344, 24
2887, 74
4310, 48
638, 20
355, 25
6922, 35
8131, 64
9354, 27
2255, 12
6905, 86
9407, 91
448, 34
9695, 19
8217, 44
1569, 35
4954, 97
6229, 59
1461, 74
323, 13
2921, 74
8828, 90
7877, 50
4981, 34
6944, 75
1839, 14
404, 30
2352, 53
1946, 97
3602, 17
5618, 27
7336, 98
950, 64
9161, 40
7550, 23
6866, 41
7459, 86
2962, 91
4682, 47
6679, 41
8530, 89
247, 98
8651, 55
7970, 81
1940, 77
8118, 2
7758, 67
4975, 21
3756, 82
5072, 15
4443, 43
4399, 60
447, 49
9747, 86
7115, 15
9503, 79
5591, 12
446, 99
6861, 95
873, 43
5985, 96
600, 82
1180, 41
708, 93
5660, 6
8072, 2
6940, 15
7067, 84
1951, 25
1409, 53
5373, 90
1612, 66
4780, 94
2618, 80
2930, 40
4292, 14
7769, 74
2577, 1
4401, 81
932, 31
71, 37
5413, 21
4027, 93
6854, 12
4390, 75
6729, 61
8717, 24
9383, 33
5542, 14
7504, 46
9505, 15
4486, 93
7897, 99
8715, 72
3637, 17
2928, 90
8505, 91
7578, 8
8427, 76
1760, 32
9546, 98
5858, 61
6908, 20
1862, 12
7922, 80
2571, 79
4464, 13
5475, 68
2543, 16
4296, 65
2750, 28
1413, 97
4207, 29
9113, 49
7331, 89
939, 62
4770, 32
2977, 82
4893, 30
4733, 63
3385, 87
6517, 89
1112, 75
8196, 56
2469, 0
9431, 58
9176, 48
2283, 12
6120, 75
1300, 24
6699, 71
8978, 84
2058, 2
6318, 40
1884, 25
8082, 65
5647, 11
6741, 23
550, 87
1069, 59
251, 62
7295, 55
3030, 7
3560, 18
801, 52
9005, 38
2236, 36
8235, 2
6892, 4
8692, 22
9103, 78
8887, 85
8185, 0
4147, 88
7633, 29
3749, 55
7483, 27
9230, 64
3182, 69
749, 53
4915, 97
8659, 74
6959, 98
6004, 20
9418, 70
4657, 9
7629, 7
784, 28
2017, 50
1549, 99
9611, 6
4777, 53
7078, 24
8623, 9
1520, 58
9871, 57
4485, 87
1716, 92
789, 21
2537, 14
4379, 88
220, 87
1707, 77
1503, 78
9653, 16
1586, 71
6110, 8
5129, 15
5894, 22
9846, 57
6111, 8
3278, 81
9577, 56
9916, 87
2248, 57
4193, 14
1149, 37
8259, 42
3428, 55
1207, 80
4895, 35
1312, 81
651, 60
7443, 47
2274, 6
8384, 29
1255, 25
3273, 20
4775, 1
4824, 42
887, 1
7630, 33
2, 78
8499, 10
8625, 87
2861, 14
8034, 85
2521, 39
4337, 96
7429, 20
8153, 32
4782, 40
3915, 16
7377, 65
431, 74
7149, 6
7566, 46
8937, 9
4902, 32
2100, 44
3790, 86
9355, 76
7894, 24
1257, 1
2101, 56
5306, 3
4304, 89
2591, 9
845, 8
8038, 17
7439, 72
5987, 21
8697, 29
1369, 29
107, 96
8140, 75
9553, 14
4879, 67
4357, 6
318, 15
418, 39
2690, 41
8936, 35
7230, 90
7553, 70
1819, 21
2440, 43
5893, 24
2510, 4
1743, 92
1558, 48
9970, 69
8066, 32
3347, 69
3120, 56
1162, 72
5172, 28
117, 71
4183, 1
3220, 21
4842, 4
5270, 3
6847, 68
9628, 98
5038, 93
8013, 27
6134, 77
7829, 63
4554, 25
9187, 92
9540, 17
1983, 23
4691, 71
9597, 21
803, 35
9447, 52
9351, 23
7359, 77
6801, 34
2003, 29
2165, 46
4832, 59
207, 35
3736, 51
5889, 69
974, 12
2133, 57
5151, 61
7628, 83
493, 37
6464, 59
2086, 17
561, 34
2231, 58
3143, 57
4772, 6
5485, 19
1887, 9
9851, 18
6703, 44
57, 28
7648, 57
6166, 75
1497, 87
3519, 94
9394, 66
8419, 36
6261, 23
9951, 71
199, 77
7607, 23
6154, 4
5831, 17
8385, 51
3012, 68
5039, 88
7986, 26
9236, 14
8272, 62
1669, 47
9941, 92
7490, 94
6489, 59
249, 73
3061, 88
9265, 96
9330, 51
6222, 3
4681, 1
9129, 28
8653, 39
7285, 55
9585, 96
8770, 94
7757, 14
2013, 52
5616, 43
770, 72
8969, 0
8298, 83
6511, 25
6538, 11
6138, 69
6763, 59
356, 94
1006, 50
3777, 98
1032, 34
5756, 43
4089, 35
6479, 4
3456, 89
5673, 99
8740, 74
4534, 21
4102, 8
9414, 36
5090, 79
482, 93
8155, 1
5581, 99
5004, 86
6384, 52
5084, 95
1507, 50
4124, 50
1847, 31
8317, 59
1859, 20
7127, 88
7461, 67
6533, 32
2669, 88
2375, 44
8920, 56
5320, 25
6724, 81
8688, 85
366, 0
4091, 24
6420, 37
7195, 35
264, 77
604, 37
470, 23
1041, 8
544, 97
6874, 13
8293, 30
830, 19
108, 80
15, 32
3646, 82
1902, 1
9858, 93
1005, 75
5184, 13
8943, 76
412, 61
5524, 24
562, 14
5684, 49
1163, 6
2610, 60
6776, 42
714, 27
9525, 64
3768, 25
580, 99
3828, 30
627, 76
961, 48
8679, 79
3038, 18
1852, 66
5468, 64
1031, 97
2696, 31
2649, 3
518, 38
9899, 25
8959, 24
6766, 59
483, 6
5688, 67
9040, 91
1900, 9
1668, 15
7962, 94
1122, 35
5709, 41
1905, 99
8570, 81
7003, 41
7518, 66
1546, 46
9880, 49
2988, 39
7157, 26
3775, 74
2989, 5
6988, 0
2011, 94
4926, 19
2927, 4
7621, 51
4908, 4
2475, 90
7770, 44
5871, 12
6958, 80
6423, 31
7370, 56
2198, 32
6816, 49
4536, 61
4280, 88
1345, 41
5027, 46
8302, 95
2371, 58
3272, 77
9197, 43
9513, 46
2175, 71
7417, 84
6539, 11
8710, 1
971, 22
1748, 89
968, 26
4407, 92
655, 58
5447, 76
7739, 14
8661, 15
6551, 83
246, 83
7471, 57
312, 86
5612, 4
4175, 22
5533, 89
8681, 96
6749, 35
2099, 82
4184, 26
2859, 42
9200, 38
4487, 62
9305, 66
798, 16
997, 8
2685, 68
3659, 97
5592, 95
1285, 46
7005, 91
8120, 95
9420, 13
1897, 11
5260, 15
6372, 31
9864, 46
8563, 47
4111, 24
1837, 59
2870, 77
8998, 96
2473, 98
9077, 23
5053, 93
1919, 47
2566, 89
7558, 73
7913, 70
8064, 98
1930, 99
2829, 81
2178, 70
8640, 35
6499, 56
8378, 10
8982, 53
2909, 36
3413, 46
4897, 51
6185, 72
6675, 71
4669, 80
1904, 67
5883, 22
3187, 77
2525, 4
4882, 67
2978, 68
2363, 10
4439, 58
4373, 36
1229, 16
6549, 88
385, 53
4053, 65
3466, 12
922, 99
3130, 77
897, 95
154, 18
6133, 80
2702, 14
7960, 58
6638, 27
9427, 45
8705, 68
9507, 12
3156, 43
680, 9
9583, 2
4256, 71
6466, 54
193, 80
4970, 75
6532, 4
6875, 41
6851, 20
3964, 76
8771, 47
4455, 28
2392, 24
1455, 35
294, 40
3115, 17
4052, 99
7772, 2
6188, 96
2222, 69
7857, 18
4152, 86
5943, 49
401, 96
5292, 6
2341, 24
7135, 67
5941, 32
5864, 4
3171, 3
3800, 4
4838, 30
5215, 78
2111, 43
3852, 52
1258, 29
3504, 94
9374, 73
4967, 24
9290, 62
2947, 92
7021, 69
6864, 24
6290, 50
5765, 15
4629, 0
7971, 3
3781, 33
9602, 40
8552, 38
9584, 4
1969, 52
1250, 82
5126, 89
4566, 23
3288, 26
9625, 93
9762, 78
1453, 5
8921, 71
58, 1
7489, 86
7312, 91
8932, 77
786, 69
761, 93
5695, 8
5097, 77
5440, 59
6016, 67
7046, 68
3984, 84
1174, 54
1110, 0
6890, 79
9390, 51
5212, 46
8724, 28
837, 23
8430, 71
9562, 84
2851, 95
2206, 70
2698, 66
3488, 21
5666, 58
6075, 93
1874, 56
1850, 10
1336, 27
164, 7
6017, 21
3068, 94
2676, 50
80, 92
697, 20
6435, 59
3200, 75
378, 65
3555, 70
6419, 93
9729, 72
8339, 37
7037, 58
3075, 73
5448, 6
1347, 86
6518, 5
9364, 58
5071, 98
6446, 55
7330, 7
5911, 6
7327, 51
7920, 12
474, 75
8984, 58
8294, 92
5182, 26
8726, 13
667, 68
1062, 88
2990, 97
8121, 0
1891, 39
8124, 43
3776, 62
6246, 12
8106, 71
1915, 8
900, 28
7543, 97
3627, 64
8450, 48
2412, 43
8589, 54
5501, 10
1888, 21
1936, 61
6896, 41
2009, 93
6886, 7
2665, 4
3618, 83
3671, 29
3917, 36
7698, 55
2852, 50
7780, 60
1803, 18
292, 71
977, 10
2671, 72
5217, 10
6393, 12
775, 1
7779, 82
6001, 45
2263, 93
4905, 34
2996, 91
5123, 46
5706, 47
5952, 82
8071, 87
612, 28
3037, 85
7307, 81
4813, 30
1222, 78
1538, 53
6700, 9
7683, 66
5137, 32
1830, 84
951, 87
906, 84
6033, 84
9424, 42
3097, 36
8087, 10
1786, 45
7990, 11
2494, 23
9935, 35
7131, 23
579, 88
9773, 83
6211, 8
3912, 76
701, 18
2183, 25
1463, 18
9483, 67
7457, 18
2810, 10
6285, 27
4276, 26
4202, 1
253, 44
4055, 98
3161, 79
3825, 65
5833, 21
3111, 2
8437, 24
543, 55
3430, 17
9300, 41
4550, 20
889, 27
7166, 68
3848, 5
4334, 81
1738, 32
9191, 5
7927, 33
4466, 73
8194, 41
9894, 8
9286, 73
4903, 67
3823, 60
5054, 99
8672, 18
8559, 25
2970, 16
9324, 92
7993, 78
3540, 10
2713, 22
4359, 22
8815, 62
334, 80
9128, 77
9528, 1
500, 86
626, 87
6738, 34
8206, 91
2761, 43
7342, 86
6509, 32
6979, 92
3106, 49
6388, 46
9009, 38
8154, 15
6073, 25
9665, 7
6681, 91
7189, 71
3391, 47
2794, 36
3018, 45
8030, 83
3151, 76
2590, 70
6552, 74
1913, 20
2223, 30
6177, 25
5305, 98
9752, 46
2304, 76
2721, 24
2462, 80
435, 55
1164, 36
2186, 89
1509, 18
5953, 2
8873, 69
4925, 64
6760, 1
1204, 35
1559, 17
831, 84
5506, 41
6607, 11
4157, 99
5479, 18
2137, 37
1048, 75
3042, 30
8273, 19
5198, 40
3694, 29
88, 68
135, 23
7202, 36
9807, 82
6964, 35
6605, 31
4939, 87
3464, 82
5116, 11
9610, 36
4391, 78
4783, 4
4927, 68
1456, 50
6704, 88
5299, 38
4062, 90
2813, 58
8983, 18
9406, 87
173, 82
3851, 33
4125, 29
8577, 88
4690, 73
9488, 29
2002, 40
4300, 25
4363, 77
8774, 92
8904, 17
8954, 24
4314, 65
1004, 87
2707, 65
6858, 26
8420, 51
1047, 40
2199, 74
958, 31
5271, 23
2019, 23
6131, 43
2856, 34
8866, 60
6019, 83
1199, 42
9293, 0
3465, 29
2290, 32
4098, 14
3306, 93
3394, 92
124, 69
379, 18
4983, 38
2863, 14
7889, 89
4711, 46
5180, 52
3634, 86
1502, 76
3754, 24
9303, 97
2113, 41
6153, 34
2391, 0
1079, 96
9984, 84
8903, 28
6462, 57
7709, 45
6839, 29
1018, 7
8010, 40
7235, 53
5336, 38
8068, 99
7974, 35
874, 87
3804, 25
8835, 51
73, 42
8967, 94
393, 47
1804, 83
3469, 67
5065, 89
4921, 98
4763, 35
2407, 19
8375, 6
271, 44
7645, 96
3346, 52
1457, 63
8172, 5
5578, 97
5956, 46
1097, 3
6750, 55
328, 1
5570, 63
9677, 62
2110, 12
7387, 1
4876, 90
6501, 0
7356, 20
3110, 42
9725, 66
1466, 49
4732, 94
9697, 36
1938, 92
3796, 63
4627, 72
4794, 96
1522, 25
7548, 55
9208, 25
189, 88
4631, 42
6323, 50
3772, 14
9050, 52
6262, 31
9904, 6
4512, 89
8132, 51
7837, 59
1614, 76
4201, 0
5571, 15
2787, 72
9638, 30
5088, 59
956, 10
1577, 96
8691, 93
8357, 52
97, 95
357, 21
3665, 12
4430, 87
6767, 1
1877, 14
5861, 9
8942, 58
8800, 91
6265, 91
1550, 77
9056, 54
1301, 8
5470, 32
5066, 47
3552, 74
5654, 21
6020, 6
8635, 67
8178, 3
9533, 5
1414, 2
5486, 71
7734, 31
6296, 47
1723, 7
6764, 47
2888, 93
4073, 40
2992, 8
105, 0
2431, 9
2162, 99
8368, 78
6821, 22
296, 70
2402, 20
9832, 8
8900, 4
2496, 65
8167, 55
3485, 5
4726, 52
4501, 18
1396, 28
5566, 23
934, 36
4532, 13
9332, 23
9658, 78
3152, 83
8846, 26
8864, 0
6121, 92
4787, 14
5034, 37
614, 16
7908, 92
129, 95
147, 58
9444, 9
1867, 7
4863, 76
8586, 12
1973, 65
3876, 49
2272, 18
4636, 54
3074, 12
1288, 85
6961, 98
9673, 20
5536, 33
8856, 53
4452, 17
5788, 55
4965, 16
4136, 28
2534, 46
7257, 37
1581, 82
9231, 58
7904, 15
6646, 70
7239, 39
5197, 34
5794, 61
522, 56
1840, 20
2579, 12
9671, 69
750, 34
4660, 44
3674, 88
6387, 27
2302, 93
1016, 94
3930, 15
6002, 94
2321, 44
1184, 12
686, 79
4477, 68
2518, 43
4178, 52
6025, 84
3366, 36
5494, 38
3514, 10
1205, 46
4853, 81
20, 41
6058, 20
5481, 97
875, 31
5386, 49
7664, 46
1729, 71
1687, 15
183, 71
2604, 24
6169, 22
3219, 54
4009, 16
4058, 97
7705, 86
3875, 82
4394, 12
6097, 57
7346, 63
7243, 38
5062, 23
1832, 13
3244, 1
5720, 41
5011, 30
9299, 49
9023, 82
3919, 9
6311, 81
3922, 92
6142, 99
1541, 91
3598, 92
6340, 76
4941, 98
3260, 25
7663, 22
4986, 60
4752, 94
2733, 35
6772, 75
7266, 5
6500, 81
2873, 31
5288, 47
3015, 16
6163, 18
1142, 0
9185, 39
6804, 30
3537, 30
7139, 48
3349, 27
464, 95
7849, 61
9377, 10
491, 37
4651, 51
6104, 75
1939, 87
4345, 28
2738, 47
7753, 10
8379, 49
7852, 5
36, 99
2689, 76
4959, 99
5165, 86
1922, 59
4513, 51
1352, 0
9, 74
9235, 78
7114, 61
2608, 5
3610, 58
4812, 52
3057, 58
1633, 2
1921, 50
2629, 39
7661, 98
814, 94
3833, 40
8494, 46
5977, 51
1552, 65
7222, 85
5979, 59
5147, 89
272, 26
3449, 88
6544, 56
1988, 8
4505, 12
7234, 41
1454, 87
6162, 55
3633, 78
2079, 97
6091, 82
3405, 16
3247, 74
5994, 65
3606, 41
5800, 91
8314, 88
5724, 14
8518, 74
4232, 98
2293, 12
9782, 77
9316, 63
3948, 49
2083, 63
4372, 43
8798, 34
2211, 74
4127, 43
3762, 24
8325, 14
2022, 92
3522, 87
9243, 62
8517, 5
1235, 15
772, 82
6610, 88
5535, 45
3393, 14
1593, 71
9386, 92
1129, 43
6472, 1
6537, 58
5791, 77
1143, 76
7240, 97
441, 66
6737, 71
914, 10
5381, 72
4522, 28
1248, 30
2758, 75
3562, 65
4213, 94
584, 58
2200, 25
9917, 93
5138, 52
530, 64
6556, 29
5718, 93
5540, 62
1370, 35
5045, 2
9004, 75
2747, 68
9304, 79
190, 87
3298, 34
4159, 84
3325, 0
3415, 79
4440, 45
9454, 63
824, 57
9189, 1
7714, 96
6218, 85
2117, 4
9698, 14
7875, 51
565, 47
1765, 47
987, 88
7117, 92
8933, 33
2330, 69
6660, 86
7556, 75
6141, 82
7624, 14
5969, 96
2679, 97
4573, 47
4253, 7
6294, 98
603, 62
7825, 55
4396, 82
4115, 70
3142, 94
3680, 5
5962, 69
3191, 78
6911, 6
8649, 81
8519, 44
566, 69
955, 40
5523, 77
4110, 71
9822, 13
6486, 66
3337, 75
7339, 85
7754, 81
2080, 58
2458, 93
9835, 62
3060, 95
7495, 44
1247, 99
4877, 72
267, 71
3740, 47
9627, 46
9343, 39
1491, 10
7397, 69
346, 76
5738, 37
6405, 70
1331, 51
8549, 31
4051, 27
3340, 16
9142, 99
7462, 79
3138, 72
321, 25
586, 38
4616, 26
3124, 24
2361, 52
4995, 95
6535, 31
2061, 78
194, 83
8258, 39
2944, 96
5661, 13
7052, 6
275, 57
7168, 23
3438, 9
3910, 61
9205, 70
241, 14
408, 10
715, 51
2931, 77
9811, 26
3458, 25
1402, 13
4270, 11
2393, 30
2383, 66
520, 98
5555, 43
339, 99
9061, 3
1441, 96
8331, 22
6369, 6
6116, 75
5683, 96
4392, 62
753, 3
822, 89
1141, 86
6223, 74
45, 33
6566, 3
4884, 5
8728, 2
9338, 37
7680, 23
5855, 18
3178, 28
4831, 83
8202, 18
8138, 11
9694, 1
7469, 33
927, 74
5821, 56
9466, 78
4096, 10
5679, 79
8757, 48
7283, 44
3092, 40
502, 37
6683, 27
7491, 88
4956, 69
8182, 81
9160, 29
9441, 4
5674, 36
4736, 56
6902, 49
8025, 27
3243, 15
1976, 0
6094, 65
7258, 97
595, 76
5909, 51
9274, 63
37, 79
2651, 22
4332, 41
7130, 24
1645, 6
2820, 23
4024, 14
2230, 34
9950, 17
2908, 71
8511, 98
3409, 74
208, 44
2781, 31
9925, 41
6079, 79
270, 23
8023, 82
593, 56
4614, 45
2925, 54
8838, 78
9281, 80
4321, 98
6234, 49
2158, 17
3892, 45
9820, 69
2565, 76
5817, 94
3279, 17
1306, 92
9073, 24
9960, 72
2572, 16
4129, 75
631, 68
3049, 78
3521, 51
9617, 53
8187, 14
7029, 70
2849, 15
7364, 30
9064, 94
7691, 4
9826, 0
7223, 95
1093, 35
1356, 83
53, 58
972, 42
2933, 60
3621, 67
4570, 0
2667, 1
9033, 95
9164, 20
7113, 44
4728, 26
815, 44
4025, 11
6198, 88
9210, 1
9408, 72
6124, 15
8880, 62
9131, 35
2520, 67
6584, 55
8794, 7
122, 88
7102, 31
5489, 27
5965, 3
9156, 73
137, 57
177, 98
2465, 52
5040, 67
8765, 18
9953, 84
6457, 82
1140, 14
5200, 99
6941, 9
6796, 56
8269, 66
6298, 87
406, 4
3471, 33
2141, 8
9727, 47
2841, 83
4245, 67
1421, 8
7146, 51
5108, 66
7791, 7
1167, 32
2941, 6
6587, 51
8417, 93
692, 89
8464, 21
8345, 76
9094, 3
8636, 58
6586, 41
5699, 85
6708, 74
7112, 29
8605, 69
1260, 76
4444, 0
3196, 25
9190, 24
7882, 64
8058, 94
85, 48
9034, 42
6521, 90
4644, 50
2226, 97
8764, 87
1044, 90
3812, 77
2622, 48
4946, 75
3856, 22
8112, 52
4049, 42
8620, 36
8558, 9
7598, 64
59, 25
2197, 15
8014, 47
5711, 70
2415, 10
7249, 9
3011, 69
9207, 40
4519, 78
5238, 56
6846, 36
3025, 80
2286, 34
5742, 73
3079, 0
8744, 78
5914, 90
1553, 95
5789, 48
9544, 81
9140, 74
5722, 27
3512, 71
8733, 7
1583, 77
2592, 71
6493, 80
8547, 34
5148, 94
299, 31
5545, 75
5015, 58
4751, 50
590, 55
4133, 52
2872, 75
6668, 50
8980, 12
1702, 60
330, 83
6421, 59
1761, 64
9888, 25
1815, 84
6899, 78
4818, 45
153, 15
7447, 21
6673, 49
6686, 23
7675, 57
3214, 47
9262, 3
31, 57
4888, 79
427, 31
5353, 18
6891, 37
2875, 40
9451, 62
1178, 99
9621, 62
8977, 3
2442, 8
1099, 86
8436, 16
5207, 79
5218, 3
7292, 65
8394, 40
5948, 92
9872, 34
6030, 89
7582, 96
8678, 19
8265, 16
3159, 8
425, 69
9179, 56
7570, 81
7926, 81
3127, 15
2719, 39
5008, 28
6857, 91
2097, 88
2253, 76
3125, 16
7083, 4
810, 85
3050, 24
8947, 33
9479, 81
4140, 57
7010, 11
9468, 99
2899, 25
8539, 59
6422, 32
3170, 75
7507, 33
201, 43
5942, 4
6402, 64
1731, 6
5989, 48
9609, 32
937, 36
2746, 3
60, 30
2478, 51
4890, 95
7785, 54
1002, 40
4403, 42
7318, 55
7522, 94
3814, 46
573, 53
1484, 18
2712, 37
7493, 79
6031, 93
4551, 76
8951, 71
9107, 54
7250, 49
8657, 98
4272, 44
7933, 44
6098, 32
6434, 35
689, 82
7762, 68
6836, 8
4229, 31
4930, 62
4181, 74
6982, 7
9704, 66
7932, 70
5782, 35
1116, 99
901, 27
6282, 93
1652, 24
4845, 38
7868, 82
8674, 85
9248, 65
5435, 74
9122, 44
9607, 22
1783, 95
6096, 55
4113, 82
3457, 60
9642, 8
9435, 7
4219, 3
5866, 40
1580, 54
6715, 21
8141, 35
4397, 62
5064, 65
2177, 64
8093, 84
4224, 47
5998, 24
6873, 72
4652, 76
8176, 26
576, 6
2551, 30
916, 68
8290, 86
1999, 59
3584, 50
3253, 88
6239, 6
5576, 57
9047, 52
5326, 31
1935, 32
2637, 64
3350, 98
1340, 97
5355, 67
4481, 25
8472, 15
8601, 52
376, 77
3228, 83
6583, 48
9237, 34
7542, 66
3089, 4
6691, 48
324, 65
2366, 1
7888, 56
3035, 80
2717, 79
6415, 85
3494, 20
8160, 92
1431, 37
363, 82
5891, 13
5392, 98
4441, 90
7372, 41
6485, 47
4714, 67
29, 75
7845, 85
2385, 75
5268, 48
9251, 7
3033, 26
3778, 45
5433, 56
7236, 12
8974, 54
8484, 72
5632, 32
7410, 82
1831, 89
8041, 29
1800, 19
3053, 88
5671, 96
2153, 76
2327, 66
3854, 6
8096, 65
9717, 59
443, 39
6624, 41
554, 58
2386, 57
9183, 35
4138, 68
7267, 68
101, 50
3994, 93
6332, 32
9655, 82
8000, 55
1774, 20
329, 7
3774, 1
468, 54
8143, 25
3359, 57
567, 89
3939, 54
3290, 91
3614, 26
3168, 60
8922, 40
7807, 4
7687, 97
8952, 85
5378, 43
710, 15
1399, 15
4038, 89
1554, 80
6418, 7
9162, 10
8945, 26
8100, 23
3209, 50
240, 74
9379, 16
5844, 46
9703, 32
9735, 31
5768, 89
1096, 66
1290, 12
6376, 42
980, 51
3601, 24
1322, 44
1844, 69
459, 16
1394, 38
4234, 10
4471, 69
2498, 0
691, 59
5401, 36
9381, 70
3834, 52
4548, 53
7530, 88
8592, 1
278, 84
7959, 13
5946, 96
8463, 53
9918, 49
9993, 65
2848, 93
9983, 74
1375, 92
3702, 22
2090, 55
3396, 26
8630, 90
7082, 23
8203, 41
144, 41
2074, 77
3301, 18
9057, 15
1315, 68
8574, 54
1841, 72
2172, 70
7047, 71
6130, 7
7659, 15
1292, 56
5790, 70
9211, 48
8995, 48
8142, 30
7424, 41
5264, 16
1334, 64
7599, 17
1933, 97
2548, 25
5482, 24
3265, 11
6024, 26
5418, 18
8016, 34
3999, 28
6066, 3
896, 73
2982, 63
553, 81
1105, 51
3864, 88
9419, 71
4743, 87
5741, 2
3836, 95
8230, 30
9201, 47
9828, 0
2915, 31
7806, 42
1077, 62
1882, 35
8334, 51
7712, 86
394, 42
1171, 53
4013, 81
4287, 52
6155, 70
9933, 37
1794, 39
9085, 39
24, 50
6270, 16
7134, 48
8992, 97
6968, 82
1947, 80
3993, 97
6531, 76
6065, 63
5312, 52
5257, 92
449, 68
4424, 25
4916, 22
8521, 32
7298, 19
9318, 50
6498, 87
8508, 81
1594, 53
4929, 21
5633, 29
2832, 54
9039, 9
908, 25
828, 45
9930, 67
1279, 8
6471, 51
5651, 33
9980, 11
350, 43
5978, 21
5385, 86
4352, 52
4072, 84
5966, 73
1596, 76
825, 71
4014, 95
5949, 73
1910, 31
3254, 46
5745, 46
9036, 20
1684, 65
7187, 41
2531, 60
2555, 53
2066, 34
1378, 21
3031, 41
7587, 9
1827, 18
7690, 7
538, 56
4458, 76
6379, 50
1046, 46
7873, 92
5901, 64
9968, 72
3963, 48
9112, 89
9645, 62
5325, 6
748, 45
8585, 7
2373, 17
5543, 87
7030, 38
6695, 34
549, 50
6585, 89
9635, 35
598, 1
1934, 73
2533, 76
1555, 71
5166, 25
5589, 80
3407, 8
303, 64
4540, 69
6256, 63
6906, 78
8839, 37
8906, 97
209, 75
791, 7
2877, 13
4235, 29
3107, 89
5150, 84
1775, 38
4277, 60
1092, 20
1081, 28
1539, 22
3248, 37
9688, 88
2709, 16
7282, 26
7105, 48
9027, 26
5640, 31
1781, 69
5884, 29
4365, 10
5449, 74
2580, 50
4099, 56
615, 75
4469, 91
2065, 90
6496, 73
8908, 38
6869, 20
5454, 28
8115, 17
6688, 0
514, 69
400, 76
1624, 76
5521, 57
1637, 8
1242, 83
7812, 50
6687, 24
2127, 25
5047, 96
6172, 42
5128, 1
3981, 98
2035, 42
4172, 11
3902, 50
396, 36
7571, 81
7581, 91
4789, 25
2068, 98
7574, 78
9972, 97
8059, 87
2630, 79
90, 90
6241, 56
7850, 85
8094, 50
6671, 49
2586, 12
7171, 53
2257, 43
3717, 66
3678, 80
4174, 48
1267, 39
4922, 68
8707, 51
9522, 54
8416, 8
161, 73
7682, 86
6244, 44
5422, 49
2633, 93
9572, 37
281, 7
3677, 93
4190, 50
9712, 22
2196, 59
5863, 78
1776, 95
7388, 83
7774, 66
3416, 46
7924, 89
6768, 7
5085, 32
3403, 60
1011, 20
915, 31
2320, 29
6326, 5
1975, 63
391, 37
7631, 39
8022, 56
4509, 41
1130, 32
8996, 32
733, 47
3095, 33
1984, 30
4488, 70
6534, 53
5376, 81
6159, 44
9494, 11
9823, 26
6, 33
5115, 6
4979, 49
854, 45
519, 88
3353, 27
5522, 23
1770, 51
7480, 82
9367, 74
6824, 34
4103, 21
5423, 15
5416, 79
3655, 81
2923, 35
9971, 24
6433, 11
2646, 85
635, 0
5757, 60
9121, 9
9765, 80
6476, 87
4646, 40
9519, 14
2869, 92
6459, 40
3135, 67
5335, 46
1531, 29
3995, 0
3574, 89
7161, 95
2367, 30
7839, 60
3146, 26
1075, 94
3354, 36
3908, 78
2152, 6
5993, 64
9691, 19
6398, 95
1249, 65
4431, 23
5390, 11
4834, 79
7749, 67
2561, 93
5727, 90
1309, 86
4720, 68
4356, 44
1846, 46
1372, 42
8473, 75
6036, 47
8097, 88
1833, 10
8148, 60
8735, 81
1795, 10
4517, 14
5109, 60
2910, 99
2282, 58
910, 22
8340, 41
9327, 23
8749, 25
1439, 3
2401, 6
155, 60
8616, 65
6206, 3
9991, 66
597, 80
7775, 37
4817, 1
7140, 8
6385, 73
2576, 42
1212, 2
5233, 76
187, 96
2501, 9
8621, 84
8858, 79
8512, 38
990, 84
423, 62
8342, 84
3009, 39
9604, 76
1996, 40
4624, 5
765, 35
8855, 86
7536, 58
1195, 41
1885, 38
1530, 19
757, 54
2993, 39
6859, 98
1462, 51
5748, 93
5078, 70
7245, 41
5712, 93
9470, 83
3628, 68
6021, 89
5311, 55
1262, 73
261, 91
4346, 61
8180, 69
1753, 26
9153, 86
9559, 92
3323, 65
5913, 73
4630, 61
5277, 54
7792, 11
7014, 76
9068, 59
3357, 83
630, 30
7341, 19
8327, 46
5505, 64
846, 50
2145, 99
326, 32
2091, 9
1447, 14
4837, 79
6010, 76
6603, 0
1425, 45
1254, 86
6581, 92
5249, 5
8388, 25
4131, 79
1276, 50
5426, 22
9143, 29
7018, 46
5585, 99
7552, 80
4093, 94
4504, 14
4326, 18
6325, 49
4598, 3
8465, 67
6520, 60
2372, 15
7509, 48
2581, 6
5183, 27
4094, 58
4940, 23
9380, 75
1084, 97
5532, 54
7225, 40
9124, 51
2076, 46
6799, 85
3957, 53
4500, 55
3315, 56
9534, 12
5785, 10
7445, 50
2865, 85
6697, 31
8818, 41
8646, 66
5474, 74
5744, 31
1665, 57
1943, 32
9280, 62
742, 58
4005, 7
9404, 41
6774, 55
6099, 54
3850, 51
104, 32
7685, 27
3044, 34
2219, 85
5758, 19
4461, 16
2605, 15
2668, 22
8784, 53
1654, 81
7204, 17
4823, 21
3608, 12
859, 90
8656, 36
5251, 66
7781, 8
8287, 36
2355, 86
4985, 37
5159, 10
9973, 28
3954, 21
2743, 76
821, 29
4402, 1
5242, 26
1156, 58
5740, 58
851, 94
5558, 34
1270, 0
5114, 69
6228, 47
6746, 58
563, 72
745, 11
7233, 25
4476, 5
2379, 47
9335, 15
3896, 41
9795, 99
4279, 59
5272, 43
5735, 38
2243, 1
6878, 0
1339, 44
7452, 93
1718, 99
5457, 8
6926, 5
6345, 89
9878, 25
3533, 23
2917, 15
8595, 0
3199, 53
7242, 70
6277, 16
7803, 24
7567, 15
6568, 76
8028, 40
9411, 41
8367, 5
5227, 91
1622, 51
5026, 7
9025, 59
5462, 22
8775, 4
6300, 36
9678, 89
9722, 71
9333, 41
7665, 90
3893, 1
6224, 40
6840, 37
9026, 10
6269, 91
2031, 71
7526, 42
5361, 25
8879, 85
4479, 89
5461, 11
4944, 89
6748, 22
301, 49
2950, 13
4017, 4
8909, 81
2825, 56
6453, 40
2682, 70
6578, 40
1214, 74
611, 25
2218, 47
5968, 89
7859, 93
9147, 38
6563, 55
2399, 80
8787, 50
3157, 51
26, 94
2406, 61
2587, 24
3567, 46
782, 26
6196, 25
8081, 12
1979, 17
9032, 51
3803, 50
9312, 33
4075, 50
8857, 27
8387, 41
1363, 11
841, 25
3205, 54
3838, 94
7497, 48
4243, 51
1437, 88
918, 13
892, 95
7706, 31
3898, 17
2739, 83
823, 86
857, 57
4605, 90
235, 46
1415, 59
9813, 95
7505, 71
8501, 76
1266, 89
3237, 96
354, 11
1037, 81
4593, 5
5295, 22
65, 45
7408, 70
5868, 81
5042, 52
723, 61
1526, 67
3607, 7
8961, 94
6921, 83
4423, 96
4604, 29
747, 9
4769, 14
8252, 55
4195, 13
9232, 3
6329, 9
3163, 86
6935, 19
3681, 38
6003, 19
4811, 98
5191, 77
3348, 41
3433, 77
5509, 37
2351, 82
5384, 88
6723, 35
4865, 9
2146, 69
4059, 43
3462, 62
359, 57
4020, 64
1807, 81
5917, 74
2247, 46
1197, 95
9948, 78
4327, 11
3691, 40
9472, 90
8675, 81
7813, 89
3400, 39
7272, 28
4576, 0
9440, 9
4562, 28
4821, 61
8528, 14
6526, 19
7123, 70
4687, 85
3588, 45
1148, 77
9780, 1
7386, 74
8949, 77
5775, 53
139, 26
9165, 34
7815, 19
9776, 50
4237, 16
4164, 0
3363, 57
9616, 72
665, 76
1997, 41
3727, 40
6794, 18
8796, 21
3578, 64
9591, 23
1294, 86
6589, 82
4478, 93
8225, 28
9087, 73
7750, 57
7866, 46
6645, 48
9945, 64
923, 30
7876, 2
5736, 30
6925, 93
3870, 62
2339, 67
1015, 89
3195, 77
5614, 90
8069, 16
9287, 63
3793, 80
3358, 47
9053, 22
6242, 57
4307, 4
3190, 76
3944, 10
4088, 28
2069, 20
7967, 63
342, 82
5103, 12
9054, 74
2821, 28
6205, 77
3094, 0
858, 48
9021, 70
75, 79
4909, 95
935, 74
109, 68
2711, 92
6249, 14
4010, 89
5421, 94
4799, 4
7604, 72
4082, 59
5792, 18
5878, 81
1472, 71
5261, 2
1871, 77
8520, 41
5018, 57
9291, 20
121, 10
6292, 71
1535, 8
4376, 32
6259, 4
1618, 91
4774, 53
7409, 13
8002, 6
4663, 65
8102, 86
5484, 14
7297, 74
210, 94
9561, 24
9088, 22
302, 63
3328, 51
9710, 44
9478, 14
7368, 90
8868, 61
8224, 33
3623, 93
4762, 44
7063, 61
5810, 50
6497, 12
1206, 46
2453, 62
361, 30
7958, 94
3414, 11
8456, 24
2446, 87
5541, 16
582, 46
3880, 57
8164, 61
1788, 51
5725, 33
5897, 18
9581, 76
1114, 65
4148, 40
6149, 54
6942, 29
9723, 11
696, 74
3410, 28
2104, 81
979, 41
2240, 85
3660, 44
492, 88
273, 19
7729, 29
5229, 80
9432, 0
3507, 58
9706, 93
8338, 30
7023, 26
2802, 22
4104, 93
6333, 24
8648, 25
6860, 36
6975, 22
2546, 71
7730, 39
7357, 51
2467, 33
9787, 84
4333, 2
4494, 29
4820, 97
1020, 48
5607, 76
1283, 16
7393, 3
1291, 67
3437, 50
9788, 8
4962, 72
6744, 2
3131, 9
9651, 22
501, 22
8111, 46
6664, 47
5802, 49
5010, 94
8849, 85
8831, 54
2049, 46
9060, 26
3317, 33
9538, 62
481, 43
1191, 37
6343, 53
9967, 28
6310, 68
4874, 53
2913, 93
1726, 60
5497, 83
5102, 12
9347, 41
7609, 28
1420, 72
2169, 7
5092, 3
5827, 13
3882, 86
5955, 95
452, 78
2507, 37
8099, 9
3801, 56
3502, 72
6677, 52
8994, 75
8137, 17
8963, 11
5120, 96
8708, 45
44, 82
5451, 45
5903, 30
4904, 5
7251, 23
4957, 80
6773, 34
5331, 80
7, 25
3371, 46
1362, 87
5655, 76
8491, 59
254, 6
8676, 2
843, 25
1467, 3
9401, 83
6195, 80
9443, 87
6591, 23
9866, 99
94, 1
6665, 97
1341, 9
6348, 9
9282, 87
8309, 9
217, 51
4741, 24
6477, 74
8020, 89
7269, 6
909, 96
767, 24
6991, 24
5332, 44
8254, 76
9382, 42
2428, 85
8360, 44
6512, 12
2994, 84
2959, 31
1772, 93
929, 75
3331, 15
373, 62
1451, 89
6639, 24
9234, 30
8414, 66
9043, 1
8017, 21
9368, 85
2062, 23
2998, 49
6669, 49
1433, 47
4036, 9
3564, 42
6881, 70
5770, 5
6837, 91
996, 71
5357, 39
9206, 66
1730, 94
6194, 33
7421, 20
5243, 73
1445, 7
7431, 31
6417, 62
5929, 77
1899, 28
6115, 69
1406, 88
7178, 71
5431, 46
8929, 27
4502, 19
5296, 20
7822, 5
7838, 14
9146, 6
2627, 59
768, 73
9831, 35
9296, 11
2960, 37
368, 63
1019, 70
2377, 51
1357, 43
2763, 84
711, 95
9051, 58
7253, 90
2558, 37
2819, 74
9721, 88
3240, 37
6825, 78
6730, 50
8395, 21
9587, 73
6945, 48
3526, 8
2688, 72
6998, 31
3113, 98
2142, 85
6914, 75
4997, 32
9530, 8
4404, 54
8859, 10
8803, 73
5110, 30
1735, 54
7499, 62
700, 29
4689, 30
1275, 79
4261, 86
729, 73
7697, 24
4018, 5
369, 1
5483, 75
7512, 37
2987, 29
2687, 47
1710, 14
8062, 8
2715, 43
545, 62
7872, 46
7097, 18
9157, 6
9746, 97
8305, 50
4800, 43
9892, 62
0, 60
467, 27
5972, 59
2256, 74
1499, 15
1333, 3
3321, 54
1128, 93
9987, 27
6720, 32
112, 57
7280, 49
5303, 8
19, 0
2890, 45
8439, 87
3339, 75
4764, 32
6783, 56
6620, 28
4415, 45
4781, 4
297, 33
8527, 44
9796, 25
6652, 43
2251, 92
3975, 80
4031, 62
7371, 11
7953, 10
6068, 41
8971, 21
2422, 32
7516, 45
3454, 29
5119, 86
9055, 24
2634, 49
6841, 71
7658, 32
6069, 22
4861, 19
9699, 34
7145, 93
2364, 96
3027, 47
6656, 38
2426, 61
8457, 85
5518, 53
569, 70
1173, 78
8755, 67
7847, 0
8119, 71
4507, 5
1672, 90
8987, 18
9547, 55
7400, 24
5333, 52
1642, 29
5246, 92
8677, 77
1752, 39
7948, 92
2997, 28
8159, 27
5156, 74
4706, 77
856, 70
2578, 88
2854, 54
8085, 96
2205, 11
8403, 50
7261, 25
7265, 7
4839, 9
1597, 34
5510, 63
4867, 14
5465, 22
4804, 73
3450, 68
6758, 84
7450, 68
3794, 61
9388, 48
6823, 7
6382, 82
1950, 44
7898, 52
8487, 28
3767, 48
3154, 41
6052, 89
3236, 97
2487, 85
8535, 19
7637, 57
3820, 79
3420, 60
2380, 68
8090, 36
3388, 81
3700, 57
3891, 83
4497, 64
2554, 35
3277, 20
1386, 81
5854, 39
3431, 30
171, 90
9594, 68
5586, 58
6713, 63
3427, 15
4779, 2
2131, 82
656, 92
7800, 75
1643, 6
1519, 69
5919, 18
6810, 7
6023, 14
166, 48
975, 80
437, 5
3826, 10
2134, 77
578, 32
8684, 17
1607, 66
9771, 17
503, 38
4087, 28
9824, 70
8875, 29
4830, 44
8564, 56
3147, 88
8925, 37
1351, 9
2170, 54
4149, 63
9994, 81
5377, 7
1956, 46
9679, 70
1382, 98
1003, 49
224, 96
4032, 70
9634, 2
6833, 44
6251, 97
8282, 24
237, 36
8644, 88
5767, 22
3429, 43
7174, 7
3636, 91
1717, 89
5256, 87
4585, 47
8183, 98
6674, 9
8538, 45
4758, 35
9977, 87
8135, 53
7103, 28
8743, 89
7405, 57
9148, 31
3204, 52
1621, 27
1952, 79
3386, 67
6897, 44
5830, 38
6050, 59
2021, 61
23, 87
6147, 59
2827, 59
9711, 86
1054, 29
7899, 10
7207, 41
9460, 99
162, 50
2647, 84
1027, 47
2445, 17
1799, 73
6680, 8
7273, 55
402, 8
5963, 13
8270, 21
3751, 8
3114, 3
3149, 89
4248, 86
5926, 23
861, 97
4724, 91
3389, 31
4527, 64
3843, 98
3440, 93
8723, 0
1153, 88
9819, 81
2434, 62
3395, 30
6802, 13
5811, 86
1245, 75
3962, 17
9188, 15
6146, 64
9812, 92
2310, 10
2625, 42
1661, 39
9900, 17
150, 24
1051, 91
6613, 78
2005, 92
285, 65
7511, 59
9279, 13
719, 11
5359, 48
8837, 92
9508, 76
6072, 14
3177, 71
83, 66
1459, 36
6106, 83
913, 7
7094, 80
4335, 75
1814, 15
3461, 72
3404, 59
4285, 44
4419, 99
6089, 94
6063, 79
9320, 35
2879, 37
5406, 62
6943, 97
3802, 26
5380, 96
806, 55
6792, 67
7977, 10
3612, 12
3382, 44
5317, 31
5235, 85
4615, 83
8035, 67
3716, 7
7594, 46
3566, 43
8953, 22
4134, 87
7808, 45
2806, 12
1636, 99
2353, 63
9159, 15
2681, 96
8239, 34
1778, 40
8377, 55
1675, 18
2156, 60
8047, 92
1977, 78
8346, 18
2347, 5
2452, 93
6301, 27
8551, 81
4151, 34
2532, 75
159, 59
993, 14
6289, 19
5502, 75
8347, 9
1588, 78
3453, 17
547, 7
5146, 48
3332, 69
8257, 19
8973, 8
8606, 32
5460, 39
1932, 8
6965, 29
2940, 45
4045, 21
499, 50
8418, 19
672, 50
1655, 17
1793, 52
4297, 21
4607, 88
2308, 1
3688, 78
6403, 22
4095, 4
4044, 92
6739, 84
6759, 88
677, 23
6790, 36
2144, 13
6608, 99
3175, 91
5927, 1
9101, 51
8320, 95
4694, 24
3141, 58
4414, 30
2239, 53
2360, 15
2868, 83
35, 69
3753, 18
7527, 74
7093, 17
6877, 11
4825, 70
4671, 14
3286, 58
2710, 69
6885, 47
8725, 3
1667, 60
6430, 37
6711, 78
7966, 9
7557, 33
3022, 9
1209, 97
7515, 16
7708, 22
5308, 53
3086, 52
7072, 43
967, 96
7177, 33
3928, 95
7689, 53
6304, 59
1155, 15
7345, 96
9696, 46
6827, 75
1444, 32
8650, 83
5473, 16
8162, 48
8053, 16
3233, 70
758, 60
9150, 9
5452, 96
6276, 38
2683, 14
3718, 50
8381, 97
7639, 32
9919, 2
8834, 37
5834, 94
709, 67
8596, 51
6918, 11
9247, 6
6480, 91
4555, 38
1134, 17
347, 66
498, 90
8380, 17
9955, 37
6805, 2
426, 13
5582, 20
1968, 20
8455, 42
7068, 81
3174, 31
7912, 53
5853, 58
6278, 58
9686, 44
5763, 71
2171, 13
5936, 99
9218, 46
3766, 8
3686, 68
234, 1
5033, 47
469, 96
8157, 17
3713, 96
1927, 70
6203, 3
2963, 93
9369, 58
1651, 55
2436, 19
3028, 23
9360, 99
5892, 53
9599, 88
3460, 63
7293, 18
5372, 32
5408, 86
2878, 57
7398, 25
6032, 35
8466, 0
1281, 81
8637, 95
698, 9
7150, 65
5561, 61
7856, 49
4228, 1
7938, 13
8220, 46
1712, 27
3291, 5
8489, 84
6565, 95
2292, 49
5951, 9
1121, 44
4667, 92
1065, 31
741, 19
9342, 77
450, 39
4126, 57
7287, 71
7532, 55
9817, 37
8285, 43
4737, 58
1590, 11
9800, 90
8279, 34
8207, 29
3334, 68
8113, 52
6216, 71
5443, 6
3066, 77
3128, 40
7603, 72
926, 56
1243, 54
6483, 70
6428, 47
3779, 99
760, 8
9010, 85
4852, 53
7420, 70
3544, 60
2307, 71
245, 79
5079, 19
6606, 95
4180, 81
7534, 40
3224, 31
3675, 58
994, 95
1701, 78
364, 86
68, 69
4719, 54
4489, 65
7256, 56
3542, 4
694, 41
9439, 91
3695, 67
3473, 76
4850, 61
1692, 57
4526, 81
2071, 70
9516, 13
6129, 74
9106, 28
2574, 27
4755, 22
6374, 13
8883, 49
6716, 75
787, 48
4260, 12
6233, 31
7025, 36
1792, 20
6930, 7
6936, 75
3735, 64
7299, 60
1325, 70
6883, 62
6396, 94
7677, 31
2093, 83
2258, 81
9626, 9
9135, 95
3300, 94
1304, 45
8613, 41
2250, 88
1361, 29
2474, 22
5093, 42
2078, 84
5309, 72
1629, 93
4606, 25
1879, 47
5841, 53
8330, 12
8105, 20
7525, 73
9008, 97
9267, 95
1493, 89
4383, 80
4795, 90
8303, 66
9887, 73
1571, 60
7965, 23
3806, 98
5609, 19
16, 28
7304, 96
3444, 73
1855, 9
2796, 30
2524, 47
9740, 1
5643, 12
5056, 28
4556, 39
167, 92
1436, 82
6513, 50
7620, 72
9670, 76
3925, 96
6502, 62
8193, 28
7451, 61
4988, 83
6684, 53
1920, 70
4454, 29
295, 72
9854, 82
5692, 66
1991, 37
374, 76
756, 12
6733, 32
6888, 83
3869, 94
5214, 30
8874, 34
8877, 58
8999, 40
9995, 62
2745, 78
5477, 69
5888, 13
8882, 42
6475, 57
6503, 74
2213, 38
4677, 66
933, 84
8210, 11
4539, 58
4217, 59
4263, 33
2479, 77
204, 27
5281, 64
6960, 94
7702, 77
4848, 37
5991, 55
3316, 2
5880, 42
5429, 64
5900, 23
6910, 41
9158, 53
3638, 16
2991, 22
5701, 64
6623, 66
7197, 36
4042, 65
6852, 27
5021, 86
9375, 52
82, 81
8584, 18
8485, 50
3755, 22
3041, 88
9001, 7
3001, 23
2624, 7
2176, 35
2522, 12
4158, 11
6751, 2
5690, 90
4945, 70
8333, 34
4197, 82
6725, 63
2028, 28
4697, 44
1505, 90
7782, 32
3821, 68
5681, 80
8741, 44
931, 76
6548, 67
5906, 92
813, 82
6946, 75
8245, 60
2303, 81
3553, 11
8129, 51
8720, 1
9958, 5
8249, 55
4244, 11
8617, 85
9797, 69
1450, 15
5439, 35
9136, 33
8537, 71
2916, 0
8910, 69
7059, 31
1465, 2
7741, 96
9879, 90
4225, 0
8654, 53
2842, 41
3439, 94
6710, 42
9719, 83
9791, 65
5239, 27
3374, 25
4537, 65
8712, 28
1263, 48
6963, 75
9793, 13
4385, 70
7716, 54
2180, 48
7036, 38
3697, 3
2762, 17
1410, 6
9809, 67
1098, 31
9510, 34
9099, 98
8211, 52
2603, 10
5329, 34
6808, 84
6045, 8
2189, 63
2108, 85
6643, 41
5534, 48
8588, 52
5030, 11
3631, 5
3927, 4
1851, 29
284, 76
7611, 43
3689, 91
1575, 0
2619, 3
6912, 90
6148, 94
1599, 46
9378, 75
4819, 50
8711, 25
4254, 89
2023, 80
1708, 51
6463, 92
7264, 29
2143, 7
3734, 60
3933, 53
7925, 13
22, 97
2966, 39
3874, 80
6320, 39
417, 58
2202, 90
9133, 70
864, 65
457, 60
1564, 82
8315, 97
4176, 79
1725, 96
1681, 70
3644, 99
7506, 48
333, 37
9180, 45
4886, 70
4980, 47
2410, 41
6855, 60
4220, 17
4984, 76
8307, 20
6524, 70
2644, 79
6541, 9
8940, 17
6038, 45
3773, 85
6314, 72
6923, 52
800, 68
774, 30
7477, 4
734, 17
8208, 48
8011, 21
370, 23
4776, 56
8957, 61
5068, 46
6872, 99
7033, 61
766, 8
4120, 30
2552, 59
1906, 74
6536, 46
3708, 46
262, 83
6135, 55
835, 71
552, 47
9024, 65
1115, 87
944, 50
5707, 25
51, 7
1297, 69
181, 16
5559, 94
3446, 77
4601, 96
8579, 55
3731, 19
3877, 61
4914, 59
9490, 98
7468, 7
7355, 33
9275, 54
9529, 79
5882, 59
4061, 22
523, 54
3581, 8
886, 34
9240, 84
3303, 11
9786, 80
6474, 37
9648, 68
9764, 43
9876, 53
5298, 10
4405, 29
9663, 17
9814, 29
2509, 50
3369, 65
9204, 33
5135, 91
1039, 34
5169, 80
9915, 63
4090, 7
4325, 89
4035, 73
6997, 74
8890, 57
5820, 9
4413, 84
7041, 63
8687, 0
4033, 44
8575, 69
3626, 35
2728, 59
8790, 69
8814, 16
1265, 4
6034, 96
1572, 14
230, 35
7613, 25
2614, 8
1168, 63
9495, 37
6465, 60
6752, 63
8522, 62
1525, 83
3721, 43
7798, 36
4067, 40
7833, 94
6470, 76
5388, 62
9417, 25
7031, 98
1763, 87
3510, 78
8550, 14
4716, 50
3021, 83
3406, 76
8281, 17
3745, 0
2678, 41
5925, 14
2394, 15
5898, 67
7638, 16
3329, 66
2570, 69
4583, 33
6617, 30
3426, 41
3364, 34
9881, 13
6655, 46
3841, 57
2408, 93
7946, 4
7961, 2
9921, 54
3252, 54
3530, 15
1350, 48
3078, 6
606, 89
7909, 34
9120, 16
5860, 96
5176, 8
8808, 84
40, 7
3648, 10
2839, 37
6429, 91
9979, 0
8404, 6
5362, 32
5020, 88
788, 3
7789, 94
3763, 55
9130, 91
6100, 94
436, 58
7572, 8
5983, 2
5189, 67
3900, 66
1476, 7
8493, 56
4810, 22
3351, 43
5374, 29
2545, 8
5619, 54
6053, 67
7744, 36
7688, 47
8313, 16
2204, 69
6327, 51
5602, 54
8993, 69
6391, 33
5149, 3
8110, 91
66, 90
289, 18
4309, 98
5490, 98
9259, 38
6173, 87
8540, 4
6189, 85
5000, 10
9481, 85
6330, 52
1358, 96
3245, 67
4912, 41
9939, 50
4829, 90
2999, 33
6443, 75
461, 46
1901, 77
9924, 22
74, 17
5049, 3
389, 50
4684, 30
4161, 34
1737, 81
642, 89
8179, 57
5824, 34
113, 77
3971, 36
6353, 61
7015, 44
6268, 80
9841, 38
3241, 12
9799, 17
8956, 27
169, 80
1434, 66
5358, 70
7216, 30
9825, 79
9714, 92
717, 24
89, 28
4952, 41
8462, 74
6731, 1
5967, 89
1403, 70
5006, 50
1658, 8
6622, 2
7643, 65
5537, 1
8386, 38
260, 88
1368, 52
3003, 85
6380, 88
1038, 60
4076, 68
3417, 83
4366, 70
8524, 96
7950, 22
2203, 76
9753, 38
4324, 76
1076, 64
4153, 13
3010, 50
2242, 42
7175, 68
5737, 21
2664, 35
2535, 39
2563, 12
3212, 54
3412, 0
9149, 58
3860, 11
2409, 74
2244, 90
3484, 16
9413, 6
2136, 5
2418, 15
3313, 38
7496, 96
2359, 98
9974, 37
3318, 22
4380, 40
3983, 19
3511, 39
5594, 70
6830, 51
8195, 89
6561, 62
8917, 23
7289, 29
2241, 65
5652, 38
7159, 79
8513, 43
654, 48
5649, 30
9186, 86
7006, 87
7162, 66
5437, 20
8253, 28
6190, 91
6119, 57
7449, 84
2420, 3
3942, 27
9079, 89
903, 18
507, 80
6160, 46
306, 93
2828, 93
266, 65
3274, 86
2795, 94
7430, 37
5061, 39
1029, 6
5153, 60
1007, 76
9003, 36
6525, 15
8950, 43
6845, 4
5467, 63
8475, 15
4275, 85
2515, 42
8361, 75
7319, 86
6452, 5
7944, 63
3345, 12
6693, 19
7300, 36
7660, 91
3043, 86
4339, 75
2973, 83
4623, 26
4367, 0
2396, 62
4393, 18
4784, 26
3808, 13
3929, 51
4472, 31
5157, 28
7274, 38
3846, 60
3969, 18
1154, 52
8807, 54
4216, 86
9842, 69
2264, 6
7076, 9
3443, 34
8701, 66
1945, 69
3373, 82
3620, 53
6853, 52
730, 16
8836, 83
1964, 91
8779, 88
4463, 32
4753, 10
9641, 90
3924, 71
9690, 71
2107, 88
4620, 45
1700, 23
5259, 11
62, 22
4547, 29
8611, 12
5190, 69
7671, 83
6806, 24
805, 99
8702, 17
8773, 13
4710, 46
2723, 4
9590, 17
3098, 84
6491, 19
5905, 7
1825, 55
2312, 30
4552, 58
4427, 76
3907, 83
7820, 84
4987, 87
8004, 20
3748, 11
513, 24
3976, 67
1298, 26
571, 46
5803, 99
5573, 1
9511, 66
6829, 62
8985, 13
4177, 71
5419, 82
9155, 55
2414, 57
4702, 97
9730, 72
7560, 96
3617, 34
7260, 83
9455, 98
7180, 19
2225, 15
2817, 3
6654, 44
9906, 69
3582, 3
9675, 97
8496, 22
1838, 8
9215, 5
1060, 59
8573, 41
3831, 12
9840, 87
3835, 55
3951, 5
351, 8
1641, 13
7004, 63
8461, 38
7810, 66
4881, 89
7830, 91
8885, 54
434, 73
3913, 45
8556, 11
7700, 36
4156, 26
2672, 98
663, 5
5269, 78
3723, 37
7929, 65
5059, 26
644, 41
1354, 85
4662, 83
2938, 18
6236, 19
3255, 49
7089, 58
102, 64
2338, 82
5371, 91
8792, 90
8228, 46
5410, 46
3698, 29
6692, 74
8192, 65
2550, 5
6931, 9
222, 59
4768, 33
6425, 49
7983, 75
1690, 38
8669, 4
8566, 9
4002, 30
7163, 57
3424, 19
3965, 57
9138, 69
6920, 92
9549, 45
3361, 74
9482, 95
7058, 26
8939, 37
8989, 78
7622, 93
3986, 10
3732, 87
9537, 0
8667, 94
8664, 89
1473, 54
39, 29
9042, 97
5493, 94
8615, 10
5455, 25
9805, 71
9720, 98
1187, 22
277, 50
7949, 94
5142, 92
4960, 78
9373, 85
5624, 98
7684, 57
259, 28
716, 84
8147, 87
4226, 56
7465, 4
9769, 5
1628, 27
3283, 28
6917, 31
9203, 96
3719, 94
3284, 25
4406, 64
848, 8
7841, 18
2788, 63
7132, 38
2773, 85
8382, 34
3961, 95
4474, 77
1419, 58
3073, 90
3295, 94
5642, 76
4448, 19
4674, 0
5012, 35
8914, 11
6370, 95
440, 47
9484, 17
8451, 80
1126, 20
1858, 71
9016, 27
763, 78
6626, 99
3824, 61
3193, 24
8458, 24
1982, 71
724, 11
2020, 4
8046, 12
4843, 16
7244, 26
7226, 15
888, 51
5014, 59
6440, 98
5250, 70
8244, 20
8867, 99
1728, 85
7934, 44
5140, 85
475, 80
818, 53
3662, 2
1853, 55
4165, 2
4034, 10
1380, 50
1587, 90
6416, 49
7895, 94
6397, 92
6999, 27
2636, 87
3047, 95
5551, 57
6594, 80
8076, 69
2892, 81
5352, 2
2855, 78
7088, 97
2797, 99
8396, 81
7513, 43
170, 2
3002, 32
6161, 1
1605, 27
7618, 22
5670, 92
8683, 23
1656, 11
7538, 96
5081, 49
8580, 70
9492, 16
9145, 29
5175, 8
7844, 40
7147, 3
948, 55
673, 45
3045, 90
4560, 63
5530, 42
5508, 9
9988, 90
3711, 44
1240, 51
4354, 67
3668, 20
2280, 81
5665, 81
2836, 12
5499, 41
4889, 7
8304, 98
1623, 1
4079, 37
712, 67
9277, 61
4826, 94
1103, 37
290, 78
751, 14
548, 8
5907, 80
4447, 1
1916, 85
3320, 79
5702, 90
2350, 27
9566, 94
2663, 54
7776, 34
3996, 52
2294, 76
1449, 73
3059, 89
8240, 11
4807, 43
9336, 8
8311, 78
5717, 20
5414, 23
2182, 19
6504, 41
5733, 92
5728, 29
106, 93
2245, 46
3982, 34
21, 12
8474, 48
7055, 64
5287, 7
1215, 19
8264, 60
3829, 19
5280, 34
2652, 17
8895, 4
781, 49
6641, 44
2953, 52
973, 58
1293, 11
1648, 66
7221, 62
352, 4
6985, 67
3503, 98
2838, 53
5432, 33
7635, 43
7275, 41
3741, 2
8246, 90
4600, 98
1090, 53
9667, 80
3997, 57
7071, 35
2883, 50
6635, 82
8915, 30
5192, 8
6950, 24
4, 46
5118, 13
8056, 63
5762, 95
3326, 55
4910, 1
6955, 58
7669, 29
8089, 17
387, 64
1521, 3
4490, 10
7375, 46
4462, 35
1767, 40
7905, 66
9090, 35
7302, 70
5672, 71
7196, 11
3491, 46
7980, 22
4582, 48
5314, 20
6204, 48
6753, 83
5596, 2
735, 14
2612, 7
1705, 86
9588, 61
5304, 84
4898, 55
4388, 53
6181, 7
6005, 80
4068, 31
203, 26
3973, 95
451, 27
2725, 49
3051, 17
2529, 4
8777, 67
2736, 14
1373, 53
8666, 37
1371, 7
3296, 37
9687, 41
9469, 34
8804, 99
1603, 23
5315, 97
4565, 76
4708, 30
4283, 3
5161, 99
2640, 22
2766, 55
5515, 80
1698, 0
1854, 80
5458, 20
7262, 59
248, 8
3506, 8
9843, 86
2368, 37
4658, 73
1780, 29
2777, 44
7919, 53
5133, 70
9325, 38
1479, 93
8732, 59
1435, 40
2087, 48
9127, 43
7365, 16
1972, 35
1398, 25
3136, 99
6719, 92
8543, 52
3652, 85
2834, 15
2816, 98
4054, 88
216, 34
2122, 34
2860, 24
1585, 18
1562, 10
4460, 21
7294, 14
5823, 60
6257, 23
4638, 66
725, 65
1200, 23
2173, 68
1834, 46
5772, 57
3285, 55
2968, 25
5368, 71
1671, 73
497, 13
1644, 7
7670, 32
345, 13
1316, 30
5404, 6
1278, 98
4603, 86
6048, 73
8175, 68
1176, 30
463, 93
8970, 23
8981, 15
4341, 99
1560, 78
9269, 53
2885, 31
4727, 46
7406, 65
8823, 82
6636, 37
2897, 68
9030, 40
7165, 77
5310, 58
3036, 33
6165, 35
2430, 83
905, 6
2924, 83
2954, 85
1344, 3
6761, 88
650, 73
6787, 17
136, 46
407, 64
4664, 78
9221, 78
5818, 1
6934, 31
8695, 90
6255, 24
2252, 44
5769, 32
2673, 2
3895, 43
6813, 63
1880, 46
9759, 81
5637, 97
4996, 46
9273, 65
6529, 42
4106, 16
9214, 7
3421, 20
8685, 6
8166, 99
8144, 23
8845, 11
6937, 21
9758, 1
6788, 7
2285, 32
6572, 63
4459, 61
2260, 89
5920, 77
5170, 28
5002, 27
4572, 77
9314, 63
1627, 47
4003, 2
4074, 70
1335, 54
2569, 88
25, 4
8165, 11
8392, 56
6308, 57
156, 27
1663, 39
5753, 12
4040, 84
3221, 37
486, 56
5915, 91
7138, 91
8850, 59
6000, 20
5696, 70
5023, 67
7865, 96
1518, 91
7390, 98
1798, 49
2882, 2
8704, 64
5442, 91
8410, 35
7915, 98
8548, 12
9630, 76
5935, 81
9163, 87
5947, 67
2815, 93
1608, 0
9708, 83
2657, 99
5958, 58
5177, 75
7956, 3
6530, 76
2631, 46
6193, 1
7464, 56
5356, 34
2220, 11
5471, 80
3712, 77
1631, 45
4594, 77
9389, 86
3643, 49
2007, 41
1836, 38
175, 45
5019, 37
4822, 0
1284, 94
9412, 37
4791, 11
9118, 84
7403, 18
1501, 11
8536, 94
2862, 89
4569, 51
6220, 50
7008, 59
142, 70
959, 85
6717, 19
81, 50
2112, 65
6287, 32
6832, 94
8555, 97
7559, 4
7871, 4
5976, 7
2438, 57
8261, 99
5812, 95
5579, 56
2337, 7
4043, 49
6022, 35
5162, 2
9748, 16
9476, 50
5549, 55
4670, 27
591, 66
4609, 16
2662, 16
8350, 79
8642, 44
7170, 91
2056, 57
458, 30
8168, 97
2184, 28
9981, 95
8928, 34
9652, 57
6118, 78
131, 60
5529, 91
3879, 58
3931, 73
8039, 13
6992, 71
2700, 49
84, 15
1388, 96
2805, 54
1646, 80
6721, 69
7213, 7
4169, 23
196, 51
1925, 32
5342, 68
7524, 56
9116, 23
9450, 80
304, 4
9875, 84
9174, 91
9458, 62
6341, 0
9738, 97
9244, 28
2568, 36
4012, 26
605, 10
2884, 56
7952, 76
4492, 28
1811, 26
8103, 75
2628, 44
5669, 45
9467, 34
8670, 29
6780, 0
3743, 23
5528, 5
699, 13
9532, 1
7476, 11
5759, 83
6557, 14
5516, 80
5046, 50
9829, 61
1773, 47
7255, 91
536, 97
7185, 48
1055, 95
3543, 15
3844, 74
5036, 50
1489, 2
1376, 82
3873, 42
2575, 59
8328, 69
505, 95
9462, 59
8243, 23
5469, 45
381, 98
6273, 29
6601, 75
2541, 34
2088, 85
5704, 40
7401, 51
8788, 6
9226, 48
5003, 66
8421, 68
5208, 44
8181, 41
3104, 85
1576, 69
9624, 57
282, 6
6637, 43
827, 90
6302, 32
8032, 82
395, 58
6394, 59
7479, 39
7623, 72
739, 55
43, 89
4255, 71
1756, 30
8444, 78
6647, 81
4188, 67
409, 99
1474, 6
1296, 22
6209, 50
4412, 62
647, 75
9452, 0
8730, 98
8057, 13
9790, 81
5729, 18
9249, 77
9294, 39
6101, 53
5436, 60
9264, 73
5826, 68
2217, 5
5144, 9
4712, 2
9606, 2
5805, 95
4698, 48
2540, 57
7666, 31
5553, 9
6728, 85
9337, 57
9297, 10
3281, 78
340, 49
9498, 58
1264, 44
6095, 96
7232, 19
6559, 73
7654, 64
2348, 30
7308, 46
3950, 20
2889, 97
5835, 78
4809, 29
9896, 77
6924, 38
72, 33
2778, 96
7002, 21
27, 4
3495, 13
7935, 46
4328, 45
2455, 94
4112, 57
4575, 29
7816, 80
5954, 74
9086, 18
3878, 90
992, 56
2044, 0
3270, 3
9496, 56
8542, 23
1911, 90
9115, 79
5285, 76
7968, 65
2632, 63
1337, 48
8480, 90
4465, 64
7391, 8
4199, 1
2000, 64
7537, 48
6952, 54
690, 68
1475, 34
2384, 62
397, 93
2740, 67
8750, 83
8424, 61
5427, 62
1677, 71
785, 42
3647, 41
4579, 56
9893, 34
8043, 21
5245, 92
3554, 43
2706, 19
103, 2
8571, 38
5025, 2
9241, 74
963, 73
7854, 36
6258, 14
1233, 29
7343, 94
1471, 87
3310, 99
8108, 51
8716, 8
2325, 35
1823, 95
6182, 67
4626, 87
4855, 77
6335, 47
2768, 51
6856, 36
8907, 22
3452, 79
6770, 87
5152, 34
2582, 49
1802, 77
9556, 76
1144, 39
9990, 14
5886, 18
6765, 44
2468, 63
989, 33
7988, 61
263, 35
9410, 37
399, 78
4358, 55
1806, 36
9834, 13
6929, 33
6629, 57
1821, 16
2790, 23
2319, 48
4371, 46
9541, 50
1912, 59
4026, 64
2784, 20
6272, 16
6778, 19
2234, 96
3117, 96
9198, 33
7531, 31
7765, 59
8399, 23
8582, 89
176, 67
250, 43
8067, 33
7725, 1
9943, 22
6015, 90
601, 80
1181, 93
2208, 60
1013, 39
5685, 75
7332, 12
5417, 50
4206, 56
865, 15
6406, 55
9429, 81
4918, 62
3083, 89
8632, 51
9672, 94
1868, 62
5567, 30
9640, 72
4913, 94
1790, 88
6008, 40
7790, 27
6171, 53
952, 78
9985, 69
1719, 43
7939, 36
3215, 90
2343, 47
3632, 23
8156, 85
4428, 61
7809, 85
6136, 68
8405, 69
1226, 90
5747, 42
6132, 3
4544, 51
9608, 6
9238, 97
9428, 0
5890, 34
2356, 53
3642, 53
9326, 52
8198, 85
8641, 73
6867, 98
3040, 54
5201, 17
969, 32
252, 10
9575, 41
5613, 98
4989, 1
5938, 59
77, 68
675, 48
7396, 35
1978, 12
2324, 35
721, 54
123, 96
8545, 0
5043, 51
4934, 48
4257, 57
2259, 69
9356, 14
4078, 88
3441, 42
5276, 52
8841, 88
5389, 95
6884, 55
3881, 14
6977, 33
6597, 73
9506, 56
628, 47
7999, 63
8070, 40
2485, 51
4294, 77
8622, 18
2187, 78
9560, 69
7693, 47
4139, 48
9181, 91
9422, 74
9862, 93
539, 37
2457, 64
3481, 44
4265, 87
3225, 74
8316, 67
6227, 23
3026, 46
7910, 48
424, 22
8598, 6
7801, 33
4621, 87
1592, 85
9568, 78
1650, 38
9884, 12
8170, 26
3886, 69
8638, 88
6740, 35
7169, 88
2958, 18
7335, 7
3979, 82
594, 40
4503, 12
1253, 49
9545, 9
2268, 25
2703, 60
1305, 66
2212, 97
2880, 85
7344, 27
2102, 53
9172, 50
6235, 80
8216, 16
6274, 32
8860, 82
4625, 5
7143, 27
7704, 46
61, 50
5664, 60
1990, 5
6657, 61
3729, 59
7547, 16
5997, 14
2140, 62
9739, 28
2807, 23
4990, 43
947, 0
4303, 40
1468, 33
5450, 59
4171, 24
2096, 3
6070, 21
2497, 32
5851, 46
8288, 36
4773, 72
2233, 25
1210, 84
2471, 17
8283, 36
6316, 92
3613, 97
495, 12
6560, 64
5569, 8
6528, 68
184, 41
4364, 37
5513, 81
3517, 93
2444, 25
2964, 40
8862, 8
9288, 3
6139, 44
7625, 66
1971, 94
3941, 49
2139, 22
5456, 48
2693, 68
5106, 14
9603, 87
2564, 26
305, 66
7641, 65
1338, 58
7601, 20
1057, 74
7914, 50
3365, 42
2598, 84
2514, 50
4071, 42
3056, 0
6685, 23
621, 44
4650, 60
8718, 2
7271, 65
9119, 58
2896, 76
3054, 50
9863, 17
1510, 40
5715, 30
2659, 67
2538, 83
8958, 99
4362, 43
4514, 99
8045, 94
817, 16
2726, 64
1186, 87
4221, 91
7279, 16
5940, 77
9384, 49
6178, 1
7329, 20
2489, 23
7291, 2
9792, 7
9856, 25
5265, 32
6350, 27
2936, 30
9578, 31
5370, 63
5293, 55
4654, 45
5143, 11
3499, 17
3556, 60
2831, 1
7218, 32
4350, 32
348, 4
255, 56
6658, 14
5829, 18
4249, 27
8008, 7
9860, 98
6995, 85
268, 97
2929, 51
5584, 9
8163, 85
4086, 42
2995, 90
7228, 33
479, 97
7155, 17
7167, 69
4204, 8
7380, 95
4008, 86
7576, 21
4000, 56
1545, 70
6336, 56
8913, 33
3014, 92
79, 71
1511, 41
1917, 96
7192, 90
6283, 29
3586, 78
5663, 59
6784, 54
3076, 87
3145, 18
8117, 54
5113, 19
5438, 13
322, 75
3990, 76
5395, 97
335, 13
349, 76
6170, 72
9877, 22
4525, 55
8406, 91
3815, 93
7361, 88
3478, 62
4618, 21
9093, 64
5804, 94
2499, 10
7378, 23
7231, 16
3160, 23
5057, 22
1190, 64
3312, 0
6545, 3
9750, 60
2752, 66
2046, 13
9650, 39
4738, 73
2705, 92
771, 96
3813, 71
2967, 66
5178, 58
9902, 64
5986, 21
3730, 34
1223, 5
1886, 19
5869, 65
2724, 55
5348, 16
6039, 59
6266, 96
152, 77
860, 51
8448, 5
7984, 30
3761, 39
9400, 0
2050, 51
4021, 85
8607, 8
415, 52
3847, 60
8426, 95
7020, 67
9398, 35
3649, 88
6644, 87
2776, 79
2261, 25
7098, 99
4179, 1
6439, 84
850, 17
9996, 73
1438, 79
9914, 95
4322, 91
8553, 0
5730, 8
4369, 82
7672, 16
9631, 12
6414, 96
8358, 36
2084, 56
6785, 70
4786, 37
6791, 90
6972, 97
7723, 43
8628, 59
7446, 89
4899, 84
9963, 45
1721, 64
2229, 0
9783, 17
2648, 90
4105, 5
52, 11
5228, 7
6527, 3
3547, 11
2126, 58
2342, 58
7354, 89
7119, 14
7921, 17
2741, 65
754, 1
3782, 84
9975, 41
1514, 62
7650, 57
3498, 61
4264, 69
2519, 86
5928, 93
8250, 25
7942, 34
7278, 65
4511, 26
5070, 24
4070, 44
8840, 37
9542, 96
1722, 22
1443, 44
7892, 86
6702, 46
4100, 28
6107, 62
4498, 86
8214, 14
6694, 38
2846, 7
7906, 3
1365, 13
8633, 23
6648, 0
9048, 2
9954, 97
3797, 52
3737, 26
9849, 77
7964, 29
8372, 44
